list(estimates = structure(list(alpha = c(0.000229887279625122, 
0.000229827744995815, 0.000229649747012632, 0.000229819584028636, 
0.000229755827742053, 0.00023018998638372, 0.000230218651242581, 
0.000229950328791877, 0.000229932770843897, 0.000229471577746266, 
0.000230459864542512, 0.000229590426886075, 0.000230299927907355, 
0.000229536905638818, 0.000229388848746781, 0.000230126729505383, 
0.000231029610763793, 0.000230741456926356, 0.000229654820267017, 
0.000230103100654026, 0.000230752355916158, 0.000230488551166583, 
0.000230119576920082, 0.000231189770532191, 0.000229691532469512, 
0.000227862869785497, 0.000225423243751635, 0.000230625173093693, 
0.000231027033498334, 0.00022841042057886, 0.000232697994955024, 
0.000232104721475286, 0.000231318380967699, 0.00022980087856901, 
0.000226488434770988, 0.000234626920182054, 0.000237342738206982, 
0.000234294513181004, 0.000238671242183129, 0.00023514126637669, 
0.000225618235655788, 0.000222049273124711, 0.000226636413447317, 
0.000238508500486732, 0.000221667049640156, 0.000243709055155135, 
0.000240368363996928, 0.000240603163855765, 0.000217518930365125, 
0.000257621498490505, 0.000235368477020218, 0.000240889890207487, 
0.000157115128912114, 0.000288743341357539, 0.000198160610141227, 
0.000244688763722609, 0.000248761354471324, 0.000236104219948341, 
0.000257170024407276, 0.00024761396801243, 0.000189799480383201, 
0.00024739709525795, 0.000248346945372757, 0.00031807562284828, 
0.000168506282267792, 0.000120551058254292, 0.000200185635630908, 
0.000198928444450729, 0.000245942949054494, 0.000258009117833137, 
0.000257092192084613, 0.000257165035859314, 0.000254579535087843, 
0.000261602788219833, 0.000223044664020953, 4.69342259755581e-05, 
0.000228081617484865, 0.000174632838544344, 0.000229887279625122, 
0.000229887279625122, 0.000229887279625122, 0.000229887279625122, 
0.000229887279625122, 0.000229887279625122, 0.000229887279625122, 
0.000229887279625122, 0.000229887279625122, 0.000229887279625122, 
0.000229887279625122, 0.000229887279625122, 0.000229887279625122, 
0.000229887279625122, 0.000229887279625122, 0.000229887279625122, 
0.000229887279625122, 0.000229887279625122, 0.000229887279625122, 
0.000229887279625122, 0.000229887279625122, 0.000229887279625122, 
0.000229887279625122, 0.000229887279625122, 0.000229887279625122, 
0.000229887279625122, 0.000229887279625122, 0.000229887279625122, 
0.000229887279625122, 0.000229887279625122, 0.000229887279625122, 
0.000229887279625122, 0.000229887279625122, 0.000229887279625122, 
0.000229887279625122, 0.000229887279625122, 0.000229887279625122, 
0.000229887279625122, 0.000229887279625122, 0.000229887279625122, 
0.000229887279625122, 0.000229887279625122, 0.000229887279625122, 
0.000229887279625122, 0.000229887279625122, 0.000229887279625122, 
0.000229887279625122, 0.000229887279625122, 0.000229887279625122, 
0.000229887279625122, 0.000229887279625122, 0.000229887279625122, 
0.000229887279625122, 0.000229887279625122, 0.000229887279625122, 
0.000229887279625122, 0.000229887279625122, 0.000229887279625122, 
0.000229887279625122, 0.000229887279625122, 0.000229887279625122, 
0.000229887279625122, 0.000229887279625122, 0.000229887279625122, 
0.000229887279625122, 0.000229887279625122, 0.000229887279625122, 
0.000229887279625122, 0.000229887279625122, 0.000229887279625122, 
0.000229887279625122, 0.000229887279625122, 0.000229887279625122, 
0.000229887279625122, 0.000229887279625122, 0.000229887279625122, 
0.000229887279625122, 0.000229887279625122), beta = c(0.00171792475439956, 
0.00171748575282841, 0.00171613390026919, 0.00171744201195315, 
0.00171691164368538, 0.00172022071576563, 0.00172043181631138, 
0.00171843865705593, 0.00171830081679405, 0.00171479113601323, 
0.00172224010094588, 0.00171574889133942, 0.00172097606295457, 
0.00171530445634405, 0.00171417389486809, 0.00171983469343827, 
0.00172655890120278, 0.00172424113243943, 0.00171600944862239, 
0.00171970968998363, 0.00172434525914788, 0.00172246204607876, 
0.00171987273386185, 0.00172781599198658, 0.00171637426456305, 
0.00170262117611523, 0.00168412706881955, 0.00172349074695177, 
0.00172642070733323, 0.0017068149790355, 0.00173896242161186, 
0.00173456445723492, 0.00172861235030271, 0.00171736380739027, 
0.00169191560754837, 0.00175416415496626, 0.00177401548234679, 
0.00175099708983652, 0.0017841396082738, 0.00175748963781611, 
0.00168595326724159, 0.00165900802165563, 0.00169377948457876, 
0.00178281822472652, 0.0016560361165566, 0.00182154619980151, 
0.00179703187358531, 0.00179849634543208, 0.00162445658605969, 
0.00192737306405452, 0.00175890842290044, 0.00180095460313241, 
0.00117171241424992, 0.00216312576545322, 0.00147183191820036, 
0.00182958055875763, 0.00185989397113103, 0.00176493295633645, 
0.00192293828311738, 0.00185158991724784, 0.00140712800503622, 
0.00184960034522351, 0.00185692307055866, 0.0023851250034145, 
0.00125039343439538, 0.000897203244948636, 0.00148454984736237, 
0.00147427513774317, 0.00183819611889195, 0.00192985393667831, 
0.00192322883852828, 0.00192335916615561, 0.00190383545397698, 
0.00195693216706501, 0.00166610946316438, 0.000348724351379485, 
0.00170324902624204, 0.00128667234300973, 0.00171792475439956, 
0.00171792475439956, 0.00171792475439956, 0.00171792475439956, 
0.00171792475439956, 0.00171792475439956, 0.00171792475439956, 
0.00171792475439956, 0.00171792475439956, 0.00171792475439956, 
0.00171792475439956, 0.00171792475439956, 0.00171792475439956, 
0.00171792475439956, 0.00171792475439956, 0.00171792475439956, 
0.00171792475439956, 0.00171792475439956, 0.00171792475439956, 
0.00171792475439956, 0.00171792475439956, 0.00171792475439956, 
0.00171792475439956, 0.00171792475439956, 0.00171792475439956, 
0.00171792475439956, 0.00171792475439956, 0.00171792475439956, 
0.00171792475439956, 0.00171792475439956, 0.00171792475439956, 
0.00171792475439956, 0.00171792475439956, 0.00171792475439956, 
0.00171792475439956, 0.00171792475439956, 0.00171792475439956, 
0.00171792475439956, 0.00171792475439956, 0.00171792475439956, 
0.00171792475439956, 0.00171792475439956, 0.00171792475439956, 
0.00171792475439956, 0.00171792475439956, 0.00171792475439956, 
0.00171792475439956, 0.00171792475439956, 0.00171792475439956, 
0.00171792475439956, 0.00171792475439956, 0.00171792475439956, 
0.00171792475439956, 0.00171792475439956, 0.00171792475439956, 
0.00171792475439956, 0.00171792475439956, 0.00171792475439956, 
0.00171792475439956, 0.00171792475439956, 0.00171792475439956, 
0.00171792475439956, 0.00171792475439956, 0.00171792475439956, 
0.00171792475439956, 0.00171792475439956, 0.00171792475439956, 
0.00171792475439956, 0.00171792475439956, 0.00171792475439956, 
0.00171792475439956, 0.00171792475439956, 0.00171792475439956, 
0.00171792475439956, 0.00171792475439956, 0.00171792475439956, 
0.00171792475439956, 0.00171792475439956),