list(standard.errors = structure(c(3.94529937463944e-06, 1.14674517978478e-05, 
0.000178556832850137, 0.00335821296737115, 0.000273547103532604, 
2.34447370674692e-05, 2.34437343243082e-05, 1.09165946754173e-07, 
7.8565478451317e-05, 0.000228026058208672, 2.90236936310339, 
0.0295813918780071, 0.00199087994630495, 0.255931391378812, 0.000467103670156313, 
0.743511642573604, 9.36544996069237e-05, 0.000271883856854955, 
2.90304646812724, 0.041983718091088, 0.00306593541341824, 0.256021022505366, 
0.000556765594307744, 0.743512125120884), .Dim = c(8L, 3L), .Dimnames = list(
    c("alpha", "beta", "beta/alpha", "weight", "intercept", "PrMMinf", 
    "PrUMinf", "PrUUinf"), c("SE", "2.5%", "97.5%"))), boot.base = structure(list(
    alpha = 8.61078158617767e-05, beta = 0.000249946522786773, 
    weight = 0.0358333740848739, intercept = 0.00256348716506085, 
    value = 0.000650895527568665, fevals = 493, gevals = NA_real_, 
    niter = NA_real_, convcode = 0, kkt1 = FALSE, kkt2 = FALSE, 
    xtime = 22.0139999999997, PrMMinf = 0.255975861164535, PrUMinf = 0.000511923925647667, 
    PrUUinf = 0.743512214909817, alpha.start = 1.06743737634887e-07, 
    beta.start = 2.64344763044219e-07, weight.start = 0.0900730511639267, 
    intercept.start = 0.00592114249207079, value.part = 0.000650895481302973), row.names = "Nelder-Mead32", class = "data.frame"), 
    settings = structure(list(Para = structure(c(5L, 6L, 7L, 
    1L, 2L, 3L, 4L), .Label = c("eqp", "eqp.weight", "Nstarts", 
    "optim.method", "p0mm", "p0um", "p0uu"), class = "factor"), 
        Setting = structure(c(2L, 1L, 3L, 3L, 4L, 5L, 6L), .Label = c("0", 
        "0.256488148148148", "0.743511851851852", "1", "100", 
        "Nelder-Mead"), class = "factor")), class = "data.frame", row.names = c(NA, 
    -7L)), N.boots = 100, N.good.boots = 100L, boot.results = structure(list(
        alpha = c(8.2800994169059e-05, 8.86503888696927e-05, 
        9.04418522518056e-05, 8.26292854777128e-05, 8.16872798528729e-05, 
        8.87945665558103e-05, 8.16960784334509e-05, 9.01180717411202e-05, 
        8.91307902278551e-05, 8.59370088725014e-05, 8.72044918604478e-05, 
        8.27674381059413e-05, 8.10891793486264e-05, 8.9309373212654e-05, 
        8.21358084819668e-05, 8.3836194714313e-05, 8.64789486557567e-05, 
        8.76955728298927e-05, 8.46692902072385e-05, 8.36487405657691e-05, 
        9.25509619667683e-05, 8.06876715532187e-05, 8.41047908616777e-05, 
        8.37488008949748e-05, 8.01185701787351e-05, 8.99081193338822e-05, 
        9.43601328756052e-05, 8.56681881309237e-05, 9.00748714258812e-05, 
        9.14976385815735e-05, 9.04946893461582e-05, 9.21509418137937e-05, 
        8.8109534924453e-05, 8.33069127771776e-05, 7.7925321730358e-05, 
        9.27474214897079e-05, 8.67072837244566e-05, 8.8600955354736e-05, 
        8.39763902367007e-05, 8.37177583331494e-05, 8.40183630839776e-05, 
        8.30415315827296e-05, 8.58045779644584e-05, 8.381125590733e-05, 
        8.52814899666618e-05, 8.02496432858046e-05, 8.90681623552892e-05, 
        8.40199186184093e-05, 9.09445124059898e-05, 8.77921621283382e-05, 
        8.5869667020536e-05, 8.54238877442687e-05, 8.75410081119501e-05, 
        8.30446263198235e-05, 8.54489791413821e-05, 8.71717029444029e-05, 
        8.37714366082568e-05, 8.54814909020883e-05, 9.35347445111548e-05, 
        8.40086879916913e-05, 8.64001879116722e-05, 8.66802518498284e-05, 
        7.69998438476602e-05, 8.25958792274902e-05, 8.74359884325689e-05, 
        9.37628494554765e-05, 8.57551733814348e-05, 8.82900699092711e-05, 
        9.09576985751232e-05, 7.66153065773795e-05, 9.20354644597293e-05, 
        8.26703452051164e-05, 9.11338575864792e-05, 8.35403663792742e-05, 
        8.77656095573549e-05, 9.0921176990285e-05, 8.55524302250007e-05, 
        8.93354962817793e-05, 8.03650856516925e-05, 8.34081367384868e-05, 
        7.92730200902718e-05, 9.46454827835549e-05, 8.64088905197742e-05, 
        8.43851210535431e-05, 8.51118670292375e-05, 8.02262485984106e-05, 
        9.05197622902299e-05, 8.1315141139045e-05, 8.50352559200978e-05, 
        8.82646985330895e-05, 9.17430053602567e-05, 8.74876842091658e-05, 
        8.39703135685719e-05, 8.27955735340686e-05, 8.74971248431793e-05, 
        8.1950246128869e-05, 8.63475439796586e-05, 8.76670379125126e-05, 
        9.06128047324591e-05, 8.46981965219115e-05), beta = c(0.000240334837385997, 
        0.000257336478799598, 0.000262544546312978, 0.000239835971405438, 
        0.000237098114470481, 0.000257755687120308, 0.000237124085510863, 
        0.000261602903601124, 0.000258733272170166, 0.000249450085755069, 
        0.000253133725104467, 0.000240237365436324, 0.000235360007311633, 
        0.000259251899133196, 0.000238401705079203, 0.000243343565190687, 
        0.000251024776670686, 0.000254561208464972, 0.000245764857832668, 
        0.000242798496993729, 0.000268675700927597, 0.000234193021996293, 
        0.000244124211162601, 0.000243089494963153, 0.000232539429069003, 
        0.000260992745966737, 0.000273935265296461, 0.000248668341188723, 
        0.000261477450411636, 0.000265613364405153, 0.000262697446931788, 
        0.000267512750963517, 0.000255764234319294, 0.000241805297650185, 
        0.00022616580267783, 0.000269246758210765, 0.000251688479743484, 
        0.000257192618055341, 0.000243751130689055, 0.00024299927644872, 
        0.000243872903426007, 0.000241034026664434, 0.000249064369741286, 
        0.000243271177974329, 0.00024754418797781, 0.000232920367531671, 
        0.000258550925354117, 0.000243877519045357, 0.000264005352892277, 
        0.00025484196853535, 0.000249253875979084, 0.000247958252219406, 
        0.000254111998612856, 0.000241043107618888, 0.00024803092044424, 
        0.000253038367029208, 0.000243155313996962, 0.000248125934353134, 
        0.000271535679923675, 0.000243844874951605, 0.000250795962229205, 
        0.000251610201575835, 0.000223476510508558, 0.00023973871953443, 
        0.000253806631694915, 0.000272198874078494, 0.000248921090856281, 
        0.000256289162090191, 0.000264043730600661, 0.000222359143039717, 
        0.000267177276104907, 0.000239955209562413, 0.000264555907186053, 
        0.000242483751364089, 0.00025476468812341, 0.000263937799866494, 
        0.000248331990928723, 0.000259328102847169, 0.000233255523798525, 
        0.000242099471412023, 0.000230082130111182, 0.000274765018838674, 
        0.000250821253559711, 0.000244939026365096, 0.000247051302312877, 
        0.000232852282058707, 0.000262770784524317, 0.000236016727491938, 
        0.000246828419363093, 0.000256215522956899, 0.000266327204766454, 
        0.000253956914490494, 0.000243733264728841, 0.000240319038151126, 
        0.000253984233471666, 0.000237862298650406, 0.000250642938157467, 
        0.000254478274859388, 0.000263041257551815, 0.000245849036483823
        ),