list(standard.errors = structure(c(8.59985649314104e-08, 1.76707282961555e-07, 
1.73271219466287e-06, 0.00231414728131639, 6.48480045717012e-05, 
1.21567478339097e-07, 1.28226717810948e-07, 2.49794196147647e-07, 
1.81436888419281e-06, 3.72813000168862e-06, 2.05477570972822, 
0.0481194177456118, 0.002094723674023, 0.107161713570312, 0.440387848370381, 
0.452449579591555, 2.13070937410028e-06, 4.37812624359143e-06, 
2.05478155831425, 0.0530005980259892, 0.00233146609747068, 0.10716213136117, 
0.440388289047275, 0.452450438059307), .Dim = c(8L, 3L), .Dimnames = list(
    c("alpha", "beta", "beta/alpha", "weight", "intercept", "PrMMinf", 
    "PrUMinf", "PrUUinf"), c("SE", "2.5%", "97.5%"))), boot.base = structure(list(
    alpha = 1.96689964268665e-06, beta = 4.04172879113812e-06, 
    weight = 0.0481693901211876, intercept = 0.00221140524220476, 
    value = 7.70377626653348e-07, fevals = 295, gevals = NA_real_, 
    niter = NA_real_, convcode = 0, kkt1 = FALSE, kkt2 = FALSE, 
    xtime = 0.976999999999975, PrMMinf = 0.10715531212406, PrUMinf = 0.440381095950203, 
    PrUUinf = 0.452463591925737, alpha.start = 2.42649307098561e-08, 
    beta.start = 1.79708058061161e-05, weight.start = 0.0432499522576109, 
    intercept.start = 0.00285318418400442, value.part = 7.70372420201967e-07), row.names = "Nelder-Mead36", class = "data.frame"), 
    settings = structure(list(Para = structure(c(5L, 6L, 7L, 
    1L, 2L, 3L, 4L), .Label = c("eqp", "eqp.weight", "Nstarts", 
    "optim.method", "p0mm", "p0um", "p0uu"), class = "factor"), 
        Setting = structure(c(4L, 1L, 3L, 3L, 2L, 5L, 6L), .Label = c("0", 
        "0.001", "0.452449955771874", "0.547550044228126", "100", 
        "Nelder-Mead"), class = "factor")), class = "data.frame", row.names = c(NA, 
    -7L)), N.boots = 100, N.good.boots = 100L, boot.results = structure(list(
        alpha = c(2.0014569731494e-06, 2.04258709698824e-06, 
        2.03618508674909e-06, 1.9682559624702e-06, 1.8168765788793e-06, 
        1.83351160401785e-06, 1.84638587496754e-06, 1.98121064444677e-06, 
        2.10639182630989e-06, 1.74370161526015e-06, 1.9802846854041e-06, 
        1.80536188873827e-06, 1.87776067506911e-06, 1.9352996944444e-06, 
        1.86759088566157e-06, 1.90223488757626e-06, 2.0170245418649e-06, 
        2.07843925051053e-06, 1.99650686354384e-06, 1.90466311018885e-06, 
        2.04724129078914e-06, 1.88970092063206e-06, 2.02710255803523e-06, 
        2.07278225097603e-06, 1.89569594286608e-06, 2.0511283152334e-06, 
        1.93370661581739e-06, 1.95027435240984e-06, 1.89513628124463e-06, 
        1.86166139065286e-06, 1.90790263537819e-06, 2.03931527006454e-06, 
        1.98460602668605e-06, 1.90831365595312e-06, 2.06174248944308e-06, 
        1.92175888057544e-06, 1.87928937358483e-06, 1.8132329972231e-06, 
        2.07007535183942e-06, 2.00182606415979e-06, 2.07484936339036e-06, 
        1.97824971733357e-06, 1.97411957382321e-06, 2.03895935703681e-06, 
        2.07364536818193e-06, 2.0475239773136e-06, 2.02104887273166e-06, 
        1.89821005889439e-06, 1.98406999580024e-06, 1.99310523516913e-06, 
        1.81562433821197e-06, 2.02205988009497e-06, 2.13776606860537e-06, 
        2.02881944943206e-06, 1.92857719920301e-06, 1.82510718081585e-06, 
        2.03564770866939e-06, 1.89366635212132e-06, 1.90889589763894e-06, 
        1.95411571287493e-06, 1.9297425052056e-06, 2.13853625640833e-06, 
        1.87830344931602e-06, 1.90797154698875e-06, 1.99650039984828e-06, 
        1.94116599769911e-06, 1.94940593556312e-06, 1.83090320790537e-06, 
        1.92155963052311e-06, 1.91792709608577e-06, 1.98202637466453e-06, 
        2.01602863026897e-06, 1.99339422906527e-06, 1.94312172487402e-06, 
        1.82372184263282e-06, 2.06147751897422e-06, 1.9523569888125e-06, 
        2.15846198507527e-06, 1.96015197792771e-06, 1.85040821530734e-06, 
        1.97258276300093e-06, 2.06377489167409e-06, 2.12290986964729e-06, 
        1.92925807593702e-06, 1.9532975468925e-06, 1.82095254193377e-06, 
        1.96816479294003e-06, 2.00225000169332e-06, 1.94696092527128e-06, 
        1.98171280495962e-06, 1.98116435330426e-06, 1.99073343802133e-06, 
        1.84105665801105e-06, 2.11184955380502e-06, 1.93020923526412e-06, 
        2.07895728102373e-06, 1.99297571422205e-06, 1.91176146796128e-06, 
        2.01519363974267e-06, 1.94802949903706e-06), beta = c(4.11254838229548e-06, 
        4.19706215185634e-06, 4.18391440931643e-06, 4.04433312606371e-06, 
        3.73327686181171e-06, 3.76746271165028e-06, 3.79391244481945e-06, 
        4.07095251000438e-06, 4.32816797950751e-06, 3.58292044132893e-06, 
        4.06904608321672e-06, 3.70961486392363e-06, 3.85838224700304e-06, 
        3.97660753246798e-06, 3.83748602048472e-06, 3.90866938198648e-06, 
        4.1445331708507e-06, 4.27072520981065e-06, 4.10238589985796e-06, 
        3.91365781981087e-06, 4.20662448581411e-06, 3.88291698476171e-06, 
        4.16524154955024e-06, 4.25910926551688e-06, 3.89523425077608e-06, 
        4.2146167238672e-06, 3.9733377185413e-06, 4.00738563220495e-06, 
        3.89408375965772e-06, 3.82530027190338e-06, 3.92031650762747e-06, 
        4.19033831166725e-06, 4.07792065156289e-06, 3.92115826716344e-06, 
        4.23641917687945e-06, 3.94878958407527e-06, 3.8615313364733e-06, 
        3.72579771194721e-06, 4.2535522333131e-06, 4.11331224393223e-06, 
        4.26335673826458e-06, 4.06486823598085e-06, 4.0563774584082e-06, 
        4.18961057782977e-06, 4.2608833248503e-06, 4.20720445074694e-06, 
        4.15280863134166e-06, 3.90040598837893e-06, 4.07682327391558e-06, 
        4.09538670123077e-06, 3.73070779561334e-06, 4.1548835128845e-06, 
        4.39263108803643e-06, 4.16877385948954e-06, 3.96279657994187e-06, 
        3.75019273734358e-06, 4.18280616026928e-06, 3.89105950689062e-06, 
        3.92235313393996e-06, 4.01527261336406e-06, 3.96519200130127e-06, 
        4.39421482922168e-06, 3.85949403847924e-06, 3.9204585580867e-06, 
        4.10236278001118e-06, 3.98866754065054e-06, 4.00559967487425e-06, 
        3.76210147152463e-06, 3.94838440283995e-06, 3.94091405262485e-06, 
        4.07262703611476e-06, 4.14248864211926e-06, 4.09598147596658e-06, 
        3.99268794241473e-06, 3.74734367634988e-06, 4.23587861288187e-06, 
        4.01166090988142e-06, 4.43515824493116e-06, 4.02767927441938e-06, 
        3.80218057695893e-06, 4.05322310695912e-06, 4.24060611842178e-06, 
        4.36209457341538e-06, 3.9641984737243e-06, 4.01359574009408e-06, 
        3.74165324238689e-06, 4.0441381975514e-06, 4.11417596712298e-06, 
        4.00057156028534e-06, 4.0719804784393e-06, 4.0708517068442e-06, 
        4.09051594160393e-06, 3.78295935976791e-06, 4.33937988857455e-06, 
        3.96614919514634e-06, 4.2717948075556e-06, 4.09512265344024e-06, 
        3.92825376148963e-06, 4.14077487573102e-06, 4.00276795968955e-06
        ),