list(estimates = structure(list(alpha = c(1.96689964268665e-06, 
2.01445605046742e-06, 1.98108474583807e-06, 2.06176080899171e-06, 
2.00461660044912e-06, 2.02457304765803e-06, 1.96473774423445e-06, 
1.98021815551845e-06, 2.00516900342803e-06, 2.0738896315898e-06, 
3.82942036725885e-07, 0.0211358648805604, 0.0206852561160613, 
0.0213271632353204, 0.0214793406362479, 0.0214542687979397, 0.0218109999406029, 
0.0220133983650651, 0.0213390695559459, 0.0217342534508151, 0.0217917206624374, 
0.0217309087341079, 0.0217497791541205, 0.0217689923930354, 0.021753064812796, 
0.0219134551042164, 0.0214385762046843, 0.0219503135319234, 0.0219468863376442, 
0.0219436281530618, 0.0219602238689662, 0.0220321147635706, 0.0220666038798471, 
0.0220840391019285, 0.0220829900133989, 0.0220855903519548, 0.0221380707851613, 
0.0222785704075376, 0.0225607726473638, 0.0219882301913827, 0.0222840034700679, 
0.0222720757989035, 0.0223527252846328, 0.0223263932095532, 0.0224312849058823, 
0.0223688914520626, 0.0223852258651697, 0.0222524167676, 0.0227144457853217, 
0.0229734592253777, 0.0236328567601524, 0.0229921437810703, 0.0322128481217487, 
0.0363569080233586, 0.0401129169248438, 0.0495190541110829, 0.0824233907977097
), beta = c(4.04172879113812e-06, 4.13940672726028e-06, 4.07048392049001e-06, 
4.23648532289104e-06, 4.11889707760334e-06, 4.15983073676561e-06, 
4.03716380112813e-06, 4.06846359802637e-06, 4.11973477949066e-06, 
4.26112955837178e-06, 7.86877329734914e-07, 5.95626970268271e-06, 
3.01519137018629e-06, 6.18964826593658e-06, 6.68030450268697e-06, 
6.83296393832744e-06, 8.54529675336995e-06, 9.2196499888731e-06, 
4.32876999399137e-06, 7.044911413304e-06, 7.51368151221211e-06, 
7.27541126222827e-06, 7.36879446127421e-06, 7.29090029283779e-06, 
7.29677409534263e-06, 7.83599467422745e-06, 5.30792447551301e-06, 
7.68812099214703e-06, 7.54651453484197e-06, 7.57273548634575e-06, 
7.61646874429524e-06, 7.8260086907586e-06, 7.80500469079874e-06, 
7.82436259848617e-06, 7.92532457990386e-06, 7.86213783286277e-06, 
7.84841705548351e-06, 8.59820447155928e-06, 9.56068709981166e-06, 
5.75612396179766e-06, 8.02389493117675e-06, 8.56323335679506e-06, 
8.27197889678167e-06, 8.21396242349961e-06, 8.77955936318859e-06, 
8.23155464865819e-06, 8.2704696763193e-06, 7.44825341107295e-06, 
8.91450215948364e-06, 9.04705332109093e-06, 1.67162344840539e-05, 
8.8039889830563e-06, 2.31681963495967e-05, 2.65800781896914e-05, 
3.00614150855238e-05, 3.65635664189784e-05, 8.58685747212474e-05
), weight = c(0.0481693901211876, 0.175139318934001, 0.0849492995400417, 
0.297989936323314, 0.144633949266061, 0.198675263107933, 0.0508983843644795, 
0.079347089182874, 0.159232282315942, 0.539379767675051, 0.215268567238736, 
0.00711191523594153, 0.0068960026635123, 0.0739228299722589, 
0.106135145093797, 0.107242816072518, 0.12750334001693, 0.115085464045616, 
0.1293925663055, 0.171625396773608, 0.184717311108005, 0.186561645180592, 
0.19230917101042, 0.19813180364037, 0.205029163535765, 0.222623618080582, 
0.213024279829476, 0.25650416873305, 0.2685946309659, 0.268814403645405, 
0.269368527976663, 0.292674691862659, 0.302570847775632, 0.304760355094249, 
0.312204607770942, 0.315967882838592, 0.335663132222029, 0.35438878457408, 
0.332803657806358, 0.338151723909727, 0.368942466198961, 0.394150606602073, 
0.404471757831794, 0.411628027190752, 0.411321492410806, 0.421857247850907, 
0.437674334658789, 0.454695506087546, 0.548676609535731, 0.543452032140901, 
0.122930310633269, 0.692418304737524, 0.292383047876046, 0.308880465820021, 
0.454178482773473, 0.478528601162126, 0.477323021420429), intercept = c(0.00221140524220476, 
0.00221089953066721, 0.00221037007698766, 0.00221186243137982, 
0.00221054004322791, 0.0022112215135801, 0.00221288714822919, 
0.00221025010454832, 0.00221408653270347, 0.00228229774539586, 
0.00355141681713293, 0.00189468112525177, 0.00199213364009833, 
0.00190919475028382, 0.00188790573401647, 0.00188124796605814, 
0.00182404905506714, 0.0018331122458751, 0.00204937685769617, 
0.00189999925005831, 0.00187257870921229, 0.00187413974358786, 
0.00186937985480009, 0.00187938701665609, 0.0018720716059194, 
0.00187195989178645, 0.0019344867702565, 0.00187335561425202, 
0.00187687411437722, 0.0018753292283491, 0.00187639552569672, 
0.00186959152213726, 0.00187717204310434, 0.00188219858584849, 
0.00186965095603957, 0.0018728285628778, 0.00188222953863627, 
0.00184988370101696, 0.00186303990006794, 0.00200752936852937, 
0.00189766095603318, 0.00182919382051533, 0.00188037988019613, 
0.00187445272154469, 0.00185114667403242, 0.00188193210499499, 
0.00187470515974617, 0.0019015618372928, 0.00187719776420613, 
0.00196773262454102, 0.00161485233814297, 0.00191240195801718, 
0.00206614992132472, 0.00207924053562071, 0.00202998637438166, 
0.00206202362889599, 0.00146020806207457), value = c(7.70377626653348e-07, 
7.7040436146595e-07, 7.70408996966331e-07, 7.70410153938306e-07, 
7.7041054163316e-07, 7.70416213736779e-07, 7.70418718295344e-07, 
7.70425639465107e-07, 7.70446756651218e-07, 8.04619820712201e-07, 
1.32047588872244e-05, 0.00574469710021598, 0.00574475074434096, 
0.00574476424720635, 0.00574478756556568, 0.00574479687065794, 
0.00574481455422739, 0.00574482258545911, 0.00574484286766827, 
0.00574484396370519, 0.00574485392613248, 0.00574485498250488, 
0.00574485962689184, 0.00574486431966209, 0.00574487020520208, 
0.00574488530148094, 0.00574489905743882, 0.00574490976440643, 
0.00574491897907158, 0.00574491908947708, 0.00574491943425674, 
0.00574493670156081, 0.00574494391218007, 0.00574494557924017, 
0.00574495094470817, 0.00574495356566318, 0.00574496757588847, 
0.00574498213174977, 0.00574498528281239, 0.00574498585688385, 
0.00574499120739113, 0.00574501032237123, 0.00574501462034378, 
0.00574501926781212, 0.00574502216751856, 0.00574502592085673, 
0.00574503631734185, 0.00574505258471095, 0.00574510452367675, 
0.00574513174994174, 0.00574517951356217, 0.00574518416738245, 
0.00574644762452829, 0.0057466405421146, 0.00574673732708039, 
0.00574684817796277, 0.00574690306391768), fevals = c(295, 229, 
363, 385, 309, 253, 195, 341, 277, 211, 261, 213, 143, 189, 289, 
201, 153, 209, 137, 199, 145, 127, 189, 135, 177, 93, 111, 169, 
215, 239, 249, 209, 259, 195, 151, 273, 315, 187, 197, 249, 131, 
191, 285, 249, 141, 191, 305, 149, 391, 143, 109, 189, 123, 103, 
119, 85, 111), gevals = c(NA_real_, NA_real_, NA_real_, NA_real_, 
NA_real_, NA_real_, NA_real_, NA_real_, NA_real_, NA_real_, NA_real_, 
NA_real_, NA_real_, NA_real_, NA_real_, NA_real_, NA_real_, NA_real_, 
NA_real_, NA_real_, NA_real_, NA_real_, NA_real_, NA_real_, NA_real_, 
NA_real_, NA_real_, NA_real_, NA_real_, NA_real_, NA_real_, NA_real_, 
NA_real_, NA_real_, NA_real_, NA_real_, NA_real_, NA_real_, NA_real_, 
NA_real_, NA_real_, NA_real_, NA_real_, NA_real_, NA_real_, NA_real_, 
NA_real_, NA_real_, NA_real_, NA_real_, NA_real_, NA_real_, NA_real_, 
NA_real_, NA_real_, NA_real_, NA_real_), niter = c(NA_real_, 
NA_real_, NA_real_, NA_real_, NA_real_, NA_real_, NA_real_, NA_real_, 
NA_real_, NA_real_, NA_real_, NA_real_, NA_real_, NA_real_, NA_real_, 
NA_real_, NA_real_, NA_real_, NA_real_, NA_real_, NA_real_, NA_real_, 
NA_real_, NA_real_, NA_real_, NA_real_, NA_real_, NA_real_, NA_real_, 
NA_real_, NA_real_, NA_real_, NA_real_, NA_real_, NA_real_, NA_real_, 
NA_real_, NA_real_, NA_real_, NA_real_, NA_real_, NA_real_, NA_real_, 
NA_real_, NA_real_, NA_real_, NA_real_, NA_real_, NA_real_, NA_real_, 
NA_real_, NA_real_, NA_real_, NA_real_, NA_real_, NA_real_, NA_real_
), convcode = c(0, 0, 0, 0, 0, 0, 0, 0, 0, 0, 0, 0, 0, 0, 0, 
0, 0, 0, 0, 0, 0, 0, 0, 0, 0, 0, 0, 0, 0, 0, 0, 0, 0, 0, 0, 0, 
0, 0, 0, 0, 0, 0, 0, 0, 0, 0, 0, 0, 0, 0, 0, 0, 0, 0, 0, 0, 0
),