list(estimates = structure(list(alpha = c(8.61078158617767e-05, 
8.51009010638183e-05, 8.76768118455964e-05, 8.40848435885442e-05, 
8.19781913065496e-05, 8.03111564775281e-05, 8.90670047946604e-05, 
8.66528481739876e-05, 7.18212722027746e-05, 7.41781932528421e-05, 
8.99414949553206e-05, 9.6135177091065e-05, 0.000108271963736973, 
6.38474237398547e-05, 6.91458459997839e-05, 0.000104509917720806, 
9.46178993341688e-05, 6.47706291441217e-05, 6.02908238306395e-05, 
0.000114787691245321, 5.41056082145266e-05, 0.000119040191303669, 
8.9359982218051e-05, 5.72011999896697e-05, 5.66702458511231e-05, 
0.000122136080032641, 0.000122201302302666, 5.34376441112551e-05, 
0.000105355062035865, 0.000104872679175826, 5.36573835370213e-05, 
4.28489596029069e-05, 5.89813152467811e-05, 4.40961148983498e-05, 
5.12334753076478e-05, 3.83796118386206e-05, 3.98154370864185e-05, 
3.25859871759945e-05, 4.01882948568961e-05, 3.84163709572459e-05, 
2.24678441401322e-05, 1.50280367330514e-05, 2.84397674030693e-05, 
1.14372125124101e-05, 2.28387435329748e-05, 5.74224411422462e-05, 
1.7369640940735e-05, 6.77409756999708e-05, 5.02386352057724e-05, 
1.19594907883516e-06, 7.90610488053116e-06, 4.01741152271585e-05, 
3.66562232875753e-05, 4.70276507809356e-05, 1.23807390565982e-06, 
3.40994301024068e-05, 7.3801285443947e-06, 2.68555423890395e-05, 
3.77981026553485e-05, 6.36730771464024e-06, 8.61078158617767e-05, 
8.61078158617767e-05, 8.61078158617767e-05, 8.61078158617767e-05, 
8.61078158617767e-05, 8.61078158617767e-05, 8.61078158617767e-05, 
8.61078158617767e-05, 8.61078158617767e-05, 8.61078158617767e-05, 
8.61078158617767e-05, 8.61078158617767e-05, 8.61078158617767e-05, 
8.61078158617767e-05, 8.61078158617767e-05, 8.61078158617767e-05, 
8.61078158617767e-05, 8.61078158617767e-05, 8.61078158617767e-05, 
8.61078158617767e-05, 8.61078158617767e-05, 8.61078158617767e-05, 
8.61078158617767e-05, 8.61078158617767e-05, 8.61078158617767e-05, 
8.61078158617767e-05, 8.61078158617767e-05, 8.61078158617767e-05, 
8.61078158617767e-05, 8.61078158617767e-05, 8.61078158617767e-05, 
8.61078158617767e-05, 8.61078158617767e-05, 8.61078158617767e-05, 
8.61078158617767e-05, 8.61078158617767e-05, 8.61078158617767e-05, 
8.61078158617767e-05, 8.61078158617767e-05, 8.61078158617767e-05, 
8.61078158617767e-05, 8.61078158617767e-05, 8.61078158617767e-05, 
8.61078158617767e-05, 8.61078158617767e-05, 8.61078158617767e-05, 
8.61078158617767e-05, 8.61078158617767e-05, 8.61078158617767e-05, 
8.61078158617767e-05, 8.61078158617767e-05, 8.61078158617767e-05, 
8.61078158617767e-05, 8.61078158617767e-05, 8.61078158617767e-05, 
8.61078158617767e-05, 8.61078158617767e-05, 8.61078158617767e-05, 
8.61078158617767e-05, 8.61078158617767e-05), beta = c(0.000249946522786773, 
0.000247019708347586, 0.000254520635927283, 0.000244060700704734, 
0.000237947743742059, 0.0002331071986206, 0.000258713381719587, 
0.000251615568392236, 0.000208428153517495, 0.000215248758022746, 
0.000261104811651707, 0.000278692688677003, 0.000314358673352331, 
0.000185206655168329, 0.000200771332828822, 0.000303444318626771, 
0.000274694036227525, 0.000187960453937217, 0.000174932702359686, 
0.000333261054386976, 0.000156955884963421, 0.000345750391946758, 
0.000259329234691002, 0.000165964979996536, 0.000164434886418446, 
0.000354659710888471, 0.000355003258901305, 0.000155035250970835, 
0.000305922319018073, 0.000304563442515377, 0.000155683605019008, 
0.000124288256115629, 0.00017111962983012, 0.000127907146313281, 
0.000148638441206843, 0.000111321129715719, 0.000115493106171934, 
9.4481776265023e-05, 0.000116572066483263, 0.000111398803313624, 
6.51588091697405e-05, 4.3579396269434e-05, 8.24731935845142e-05, 
3.31566785634597e-05, 6.62438666925595e-05, 0.000166590221531474, 
5.03628671763732e-05, 0.000196493025527467, 0.00014570234064065, 
3.46687210709791e-06, 2.29168935916445e-05, 0.000116511020266306, 
0.000106293615619009, 0.000136463792437654, 3.5903248684545e-06, 
9.89288489433409e-05, 2.14000236867842e-05, 7.78869574571369e-05, 
0.000109650167906338, 1.84616617401842e-05, 0.000249946522786773, 
0.000249946522786773, 0.000249946522786773, 0.000249946522786773, 
0.000249946522786773, 0.000249946522786773, 0.000249946522786773, 
0.000249946522786773, 0.000249946522786773, 0.000249946522786773, 
0.000249946522786773, 0.000249946522786773, 0.000249946522786773, 
0.000249946522786773, 0.000249946522786773, 0.000249946522786773, 
0.000249946522786773, 0.000249946522786773, 0.000249946522786773, 
0.000249946522786773, 0.000249946522786773, 0.000249946522786773, 
0.000249946522786773, 0.000249946522786773, 0.000249946522786773, 
0.000249946522786773, 0.000249946522786773, 0.000249946522786773, 
0.000249946522786773, 0.000249946522786773, 0.000249946522786773, 
0.000249946522786773, 0.000249946522786773, 0.000249946522786773, 
0.000249946522786773, 0.000249946522786773, 0.000249946522786773, 
0.000249946522786773, 0.000249946522786773, 0.000249946522786773, 
0.000249946522786773, 0.000249946522786773, 0.000249946522786773, 
0.000249946522786773, 0.000249946522786773, 0.000249946522786773, 
0.000249946522786773, 0.000249946522786773, 0.000249946522786773, 
0.000249946522786773, 0.000249946522786773, 0.000249946522786773, 
0.000249946522786773, 0.000249946522786773, 0.000249946522786773, 
0.000249946522786773, 0.000249946522786773, 0.000249946522786773, 
0.000249946522786773, 0.000249946522786773), weight = c(0.0358333740848739, 
0.0368784465975759, 0.0353280520295795, 0.0388636124387782, 0.0403216127911777, 
0.0423524129465768, 0.030511134485834, 0.0281376398105099, 0.0501625370364616, 
0.0499723238817479, 0.0231697547263026, 0.0244312763578331, 0.0242809508794961, 
0.0547770101690897, 0.0561220588578504, 0.0140814305263083, 0.0455938248949953, 
0.0375654550688602, 0.0611036015460687, 0.0253312309014226, 0.0597668629783623, 
0.0114970137629451, 0.013897842092291, 0.0657322160969369, 0.0660272925085825, 
0.00581620877156059, 0.00380153963915745, 0.070231775278563, 
0.00298671469837956, 0.00296098763825837, 0.0713476355407124, 
0.0649196111238253, 0.0321884967272733, 0.0498626896041215, 0.075856968374722, 
0.0515756148358069, 0.0830311133665622, 0.0548824739555227, 0.0848492308963792, 
0.0428482066906483, 0.0606889524572517, 0.0728282197263627, 0.0943381745284748, 
0.0822949103376255, 0.0958889617266175, 0.0157084339155968, 0.0948490512069634, 
0.00794802089607571, 0.0217712149772283, 0.0926311512780053, 
0.106683233659925, 0.0216570436924667, 0.0240551429304081, 0.0121401566780038, 
0.0697285541968258, 0.0219974023567077, 0.0435017771772206, 0.0176328930324534, 
0.00462959779784577, 0.032212402797775, 0.0358333740848739, 0.0358333740848739, 
0.0358333740848739, 0.0358333740848739, 0.0358333740848739, 0.0358333740848739, 
0.0358333740848739, 0.0358333740848739, 0.0358333740848739, 0.0358333740848739, 
0.0358333740848739, 0.0358333740848739, 0.0358333740848739, 0.0358333740848739, 
0.0358333740848739, 0.0358333740848739, 0.0358333740848739, 0.0358333740848739, 
0.0358333740848739, 0.0358333740848739, 0.0358333740848739, 0.0358333740848739, 
0.0358333740848739, 0.0358333740848739, 0.0358333740848739, 0.0358333740848739, 
0.0358333740848739, 0.0358333740848739, 0.0358333740848739, 0.0358333740848739, 
0.0358333740848739, 0.0358333740848739, 0.0358333740848739, 0.0358333740848739, 
0.0358333740848739, 0.0358333740848739, 0.0358333740848739, 0.0358333740848739, 
0.0358333740848739, 0.0358333740848739, 0.0358333740848739, 0.0358333740848739, 
0.0358333740848739, 0.0358333740848739, 0.0358333740848739, 0.0358333740848739, 
0.0358333740848739, 0.0358333740848739, 0.0358333740848739, 0.0358333740848739, 
0.0358333740848739, 0.0358333740848739, 0.0358333740848739, 0.0358333740848739, 
0.0358333740848739, 0.0358333740848739, 0.0358333740848739, 0.0358333740848739, 
0.0358333740848739, 0.0358333740848739),