list(estimates = structure(list(alpha = c(3.55034461316427e-05, 
4.05343066615439e-05, 5.26861456898695e-05, 5.46573457991049e-05, 
6.35700613958681e-05, 5.50247700507408e-05, 7.80640234361455e-05, 
7.7104970377186e-05, 8.57487959674684e-05, 5.67923918668598e-05, 
5.9358731756509e-05, 3.73570889450541e-05, 3.21056425284491e-05, 
2.43644368058785e-05, 7.78535122224148e-05, 3.33952941049445e-05, 
7.7841971202734e-05, 8.02561275476343e-05, 5.67850532796254e-05, 
5.12643242436782e-05, 4.61530427953638e-05, 2.49110594729706e-05, 
5.25427450029024e-05, 6.46711995574831e-05, 2.53612048230717e-05, 
3.77289738858266e-05, 1.87081519806769e-05, 8.85007249688462e-05, 
4.66167663368266e-05, 3.4987490703933e-05, 2.76392388937748e-05, 
5.11519067529187e-05, 4.00021892874744e-05, 3.09303622869837e-05, 
4.19821801084771e-05, 2.79846440168679e-05, 3.76356814355806e-05, 
3.66077458261781e-05, 1.20365414662733e-05, 1.37828123441066e-05, 
3.3776043932738e-05, 1.60066617679154e-05, 2.0110556016858e-05, 
2.06171791341118e-05, 1.42413168322239e-05, 2.11329512649001e-05, 
2.73767507774915e-05, 7.47386305964221e-05, 3.28634578887533e-05, 
4.10476108557141e-05, 1.56526473069382e-05, 2.89852732640657e-05, 
4.96883135229246e-05, 1.42712280283442e-05, 1.65796313859797e-05, 
2.86930976610754e-05, 2.25872715503937e-05, 1.2010939824697e-05, 
8.36630036553658e-06, 2.06095090374216e-05, 1.29757846308473e-05, 
2.41693803486448e-05, 7.1847167084534e-06, 5.09481011859968e-05, 
3.28253581016958e-06, 2.09196415623938e-06, 2.96495893087319e-06, 
4.56133628377836e-06), beta = c(0.00064146447321682, 0.000552051920886077, 
0.000414569169749838, 0.000398668667569531, 0.000339793621807484, 
0.000392792233992677, 0.000275249556991111, 0.000278782260336446, 
0.000250345338208111, 0.000371744154781243, 0.000351523574578811, 
0.000577189339292869, 0.00067818520584855, 0.00104518834675919, 
0.000253628386010697, 0.000733506360518545, 0.000235671041407894, 
0.000302776732971364, 0.000448217879615894, 0.000352292867631611, 
0.000394906211617846, 0.00078238815718849, 0.000508817244761714, 
0.000419800251838278, 0.00113119076004058, 0.000449113554724184, 
0.00145949316241949, 0.000311975882553853, 0.000485243962468078, 
0.000881128366704709, 0.00112447146513888, 0.000281183796124298, 
0.0003218298646443, 0.0010339060886135, 0.000344642958388597, 
0.000633611588050904, 0.000865951743603044, 0.000402532094596943, 
0.00219277998939873, 0.00219129786088959, 0.000392870178458568, 
0.00112168825853345, 0.000761950697765548, 0.00168127414670489, 
0.00147056250534131, 0.00071884809048509, 0.000480563819399149, 
0.000220764629394369, 0.00111289819479794, 0.0001850514574518, 
0.000856013788205676, 0.00139248024395873, 0.000193495975189403, 
0.00101507064666007, 0.00046462261310259, 0.000116660572580339, 
0.000151592783527446, 0.00095934960758177, 0.00072814792255402, 
0.000280405143687606, 0.000162634809096694, 9.93127466091825e-05, 
0.000411495700873636, 0.00112467760242421, 1.55978993899049e-05, 
5.61863767156487e-06, 0.000772075398926186, 0.00029313685883465
), weight = c(0.0415837007373196, 0.0399576693648601, 0.0375800787329049, 
0.0373339806479408, 0.0365251889424563, 0.03768698405714, 0.0359650755819677, 
0.0359734285371778, 0.0359290982302118, 0.0365497874936851, 0.0389734652400889, 
0.0407371820191144, 0.0465586239210544, 0.0505694225076733, 0.0400402707325535, 
0.0375401963397949, 0.0388394240033253, 0.0298121514855114, 0.0298764365677186, 
0.0454868532741956, 0.0403511283301291, 0.0573686883635702, 0.0286206275756831, 
0.026853110021244, 0.0338486608936359, 0.0489018677650759, 0.0386191275999576, 
0.024600101686602, 0.0317806153638485, 0.0240118003430012, 0.0258750554581938, 
0.0532687979232747, 0.0497408242646614, 0.0246696253012853, 0.0556397037822551, 
0.0571214775759849, 0.0196806527971189, 0.0601352980711959, 0.0370873245124619, 
0.0278085437792226, 0.0632641967959792, 0.0865500948932776, 0.0772305368749437, 
0.018250215034737, 0.0957918245155061, 0.0774831768536095, 0.0680448949489927, 
0.0584453305701203, 0.012490176382134, 0.0575236137194639, 0.095625200299647, 
0.00369387691542474, 0.036552171905665, 0.103964029938547, 0.088784467461831, 
0.0661953278915713, 0.0699108671564241, 0.119005021048978, 0.0997781230067493, 
0.0947427466595055, 0.0772250319234441, 0.089327298487242, 0.0931162411807562, 
-0.0310566980099394, 0.089089522478653, 0.0856748425145537, 0.113706353717456, 
0.0283698711227729), sel.coef = c(0.400385034109761, 0.461218843933833, 
0.606918503139949, 0.630391259386935, 0.736472801092951, 0.637223737145208, 
0.90689649994906, 0.895569119684379, 0.996698337359498, 0.665424757158536, 
0.699559046757838, 0.432940176899682, 0.37022151313378, 0.259702949309445, 
0.943348432697388, 0.363165027429902, 0.978666565474684, 0.876847404543627, 
0.606058661008873, 0.64928420904749, 0.581933935826946, 0.303534165951351, 
0.547084449910977, 0.668441482902184, 0.254704004778882, 0.493368339436187, 
0.192459114487442, 0.907309280571379, 0.52790964078056, 0.339106231429651, 
0.266678696406568, 0.725721348964019, 0.599865823750525, 0.294271046990866, 
0.593786420972749, 0.357626786435804, 0.354757489562179, 0.513043398554613, 
0.125781134102495, 0.134689146546138, 0.498705310428801, 0.203075188176243, 
0.276284305440747, 0.188223800768029, 0.167225884010095, 0.291551843574609, 
0.405720022222388, 0.990424826804843, 0.292394465878437, 0.799927246805195, 
0.229858449744148, 0.245345390081133, 0.861762318159694, 0.201529762573159, 
0.320747167542308, 0.838660336613933, 0.652896170998036, 0.190099249693487, 
0.182039769949085, 0.459641864891596, 0.476691852402475, 0.829282071715262, 
0.22395324071415, 0.362230934473407, 0.681073894224076, 0.768739576306005, 
0.104986943735586, 0.211914596440691), intercept = c(0.00245170101873232, 
0.00248648106089972, 0.00253117890887744, 0.00253539410063782, 
0.00255306473272943, 0.00251130503592765, 0.00256235325758252, 
0.00256142987635266, 0.00256386715502885, 0.00268370042564443, 
0.00239889321567965, 0.00258541536160332, 0.00222972051819731, 
0.00194831141505017, 0.0023397256390737, 0.00277370631217165, 
0.00273831377511491, 0.00287937742661017, 0.00285104482796731, 
0.00217974507635253, 0.00293588699640526, 0.00205522220516775, 
0.00284535045130981, 0.00288650624233427, 0.00280374459931433, 
0.00238065977254956, 0.00292379244176207, 0.00303934983080333, 
0.00323335560797044, 0.00311252726651499, 0.00309609450809315, 
0.00185013765417897, 0.00275183244973167, 0.003049017970872, 
0.00179105128144422, 0.00228403881088696, 0.00327233868723792, 
0.0014407022973934, 0.00346799504528252, 0.00328394956900815, 
0.00149787828241167, 0.00117025834449586, 0.00132758774833032, 
0.00327617341728241, 0.000668458777637242, 0.00117393158629038, 
0.00160862209522052, 0.000760175112562555, 0.00342327018625788, 
0.00253925369618143, 0.000934782162314423, 0.00369565908952821, 
0.00468900505380194, 0.00060677300603435, 0.00133053467609458, 
0.00285516735312682, 0.00272484158323048, 0.000478937302272341, 
0.00340466955239172, 0.000184109235378019, 0.00318960378372212, 
0.000665428078918804, 0.00386786359553088, 0.00514847836797188, 
0.00255065812273913, 0.00310806145092962, 0.00591871351436702, 
0.00965957526262912),