list(estimates = structure(list(alpha = c(2.33014444223968e-07, 
4.01862366162991e-07, 4.74876214101829e-07, 5.79408277473754e-07, 
5.0212631067202e-07, 6.12519740974893e-07, 7.40298087035366e-07, 
4.93705121077881e-07, 7.67224639104278e-07, 1.25269611313964e-06, 
1.09611598067707e-06, 9.26824745185125e-07, 4.43207684818935e-07, 
1.11160282696085e-06, 5.58769407562087e-07, 7.31979176702168e-07, 
1.0002668157855e-06, 4.58494878871148e-07, 5.98078053539501e-07, 
1.20007548239768e-06, 9.56957493162068e-07, 1.50962077727753e-06, 
1.04697763919782e-06, 1.25150644977884e-06, 6.61177577940164e-07, 
7.9708844704898e-07, 1.18977921711892e-06, 8.22898928410467e-07, 
8.97010313288059e-07, 1.82546168439943e-06, 9.69924274312373e-07, 
1.48054130033655e-06, 1.3902591809976e-06, 1.34018663775305e-06, 
1.1260338900774e-06, 1.12275840899495e-06, 1.62974523753811e-06, 
1.1826158800955e-06, 1.19549774836006e-06, 1.6402497369055e-06, 
1.49037728157175e-06, 1.2831660456092e-06, 1.30753949207664e-06, 
1.4766971285011e-06, 2.15065466203487e-06, 1.37053708325973e-06, 
1.87969207602729e-06, 1.57096166978978e-06, 0.063110248700859, 
0.0436063011796921, 0.0546758203120406, 0.0390738039483409, 0.0225958661050814, 
0.043210916286346, 0.0396238418774598, 0.0362909794520649, 0.0322868382999866, 
0.0239301422808715, 0.0395313710488366, 0.0240698784013496, 0.0294818039331629, 
0.0267706886121798, 0.0255054890427589, 0.0538815762794872, 0.0477004165296117, 
0.052561948556871, 0.057063556741111, 0.0522182240778107, 0.0577197857156174, 
0.0736578631499774, 0.06021675830827, 0.0716481399504092, 0.100279052268787, 
0.0771941087497958, 0.079621608663126, 0.103402486961536), beta = c(1.27759331868635e-06, 
1.13503316933379e-06, 1.3425239818025e-06, 1.72313153289842e-06, 
1.93767888736713e-06, 1.54199863421363e-06, 2.41664617215297e-06, 
3.12011499387508e-06, 2.74241612680446e-06, 1.96896768942289e-06, 
1.51502668928998e-06, 2.9689274086869e-06, 3.67108721836046e-06, 
2.92531602661547e-06, 4.18211690977074e-06, 4.03190926675591e-06, 
1.34400918760327e-06, 5.35967953089465e-06, 4.75957709119286e-06, 
3.71209727126967e-06, 4.27513167976951e-06, 3.39696460125006e-06, 
4.24146757891448e-06, 3.87933999787798e-06, 5.27328340515937e-06, 
4.97366668894177e-06, 4.26310860897803e-06, 5.40481594941708e-06, 
5.22056875408957e-06, 1.9824824394726e-06, 5.30547670076772e-06, 
3.9742614335665e-06, 4.11308815928683e-06, 4.39062881416362e-06, 
5.05588744588369e-06, 5.12033152691726e-06, 3.95072978064937e-06, 
5.10787552242966e-06, 5.32506534997365e-06, 4.18122728763334e-06, 
4.52876007919076e-06, 5.25026643455784e-06, 5.28022588149973e-06, 
4.7492813732185e-06, 3.30822997579171e-06, 5.2196551388885e-06, 
4.0278194676588e-06, 4.9438490433649e-06, 1.94278045831286e-06, 
2.21233259695614e-06, 1.77696951386812e-06, 2.90599661386751e-06, 
5.85894634641438e-06, 2.59143515458662e-06, 2.99376760436356e-06, 
3.69531023958753e-06, 4.2595755284488e-06, 6.21194927353213e-06, 
2.46484295619846e-06, 6.3552939552698e-06, 5.649257817816e-06, 
3.90967949429006e-06, 1.07683124065052e-06, 1.1220965881036e-05, 
1.50115049393918e-05, 2.72966911710605e-05, 2.66663452649638e-05, 
3.5197943657724e-05, 4.19862734383299e-05, 3.04635310173669e-05, 
4.63160714534448e-05, 5.71696294132713e-05, 9.77677866787296e-05, 
6.99915523991143e-05, 7.9230866398121e-05, 6.10587576785905e-05
), weight = c(0.0422272966837488, 0.126601071660735, 0.134128336402989, 
0.140255678668696, 0.104090777338134, 0.165856767760027, 0.154276403120932, 
0.0759309651493947, 0.152902940491396, 0.322692676663844, 0.332954880924399, 
0.190372696601352, 0.0612088961765872, 0.238257163342706, 0.0952385110656468, 
0.14003433924189, 0.328158593034125, 0.0875173828169108, 0.115756162915628, 
0.260519996324011, 0.206316661173912, 0.337652800329312, 0.230737966542204, 
0.27775453363461, 0.14941457475037, 0.181570618051977, 0.272401518777041, 
0.208791525823491, 0.224628844146588, 0.47435991897213, 0.254292069281102, 
0.344370003648701, 0.323814034822217, 0.322410004597573, 0.29243266955846, 
0.295674553495085, 0.38627911692131, 0.31550171410196, 0.337867000260463, 
0.402707428394811, 0.378860886197278, 0.364936150642747, 0.377350116144018, 
0.39189974243488, 0.50185681101441, 0.396581594181501, 0.466806731282466, 
0.447653605080584, 0.147649457501426, 0.0671615891091988, 0.193925850609644, 
0.113581670366396, -0.155677455084753, 0.208343044558681, 0.201678647639497, 
0.225004965948698, 0.155584068962623, 0.017883693317942, 0.323521064504329, 
0.123850619033024, 0.270154849555804, 0.498462012223868, 0.182214340419572, 
0.449253373902625, 0.411913668505151, 0.417605699027461, 0.362019366136551, 
0.421208244247569, 0.252518502395836, 0.116394023365481, 0.32172805280294, 
0.131646458932582, 0.0246495938750843, 0.220950653655337, 0.206084587865978, 
0.196261216927613), sel.coef = c(0.126052649785892, 0.102996073032961, 
0.124808197525679, 0.168902247120668, 0.200443894086559, 0.144308292174717, 
0.262279805845814, 0.387924257160182, 0.314328667509927, 0.177928655927289, 
0.122469197312502, 0.349585244144425, 0.497281765421543, 0.337053405723163, 
0.612657875440674, 0.574653135978647, 0.105173186878822, 0.960307729679668, 
0.768415639604662, 0.49799246472324, 0.637675884723963, 0.424730148842172, 
0.629957366940518, 0.538423047963039, 0.935755416992198, 0.839931923460449, 
0.638993245688078, 0.993118591104989, 0.929993614621847, 0.157829416954513, 
0.967088218583659, 0.566310209930934, 0.60190025467502, 0.681258779016872, 
0.887939910831066, 0.911172477974723, 0.563673473930746, 0.912041792817549, 
0.997907975053674, 0.631743483227655, 0.734193827403908, 0.979204632511864, 
0.994579133726095, 0.809692023968894, 0.400615088642363, 0.979276695802538, 
0.596713734167132, 0.897208882194206, 0.179665356372232, 0.290888051418764, 
0.218063238577643, 0.347966819758702, 0.83050772039567, 0.304469392785623, 
0.34960352043891, 0.402091322261519, 0.47848180014413, 0.790217281279532, 
0.35323570357644, 0.802610988808915, 0.575247787081228, 0.780740806662573, 
0.803572789613726, 0.342291834145326, 0.473321852277777, 0.684321721743786, 
0.614716642563126, 0.80824553055058, 0.87376572718191, 0.556855375227355, 
0.896388349922485, 0.889041922148936, 0.865283847490584, 0.943233530392509, 
0.985423115561516, 0.61062821233596), intercept = c(0.00221290229448688, 
0.00221228818763336, 0.00221204041547754, 0.00221220868589074, 
0.00221224091351223, 0.00221219737006797, 0.00221208849111195, 
0.00221216343923627, 0.0022123473593564, 0.00221207815034087, 
0.00221173492755059, 0.00221183196002679, 0.00221193098373672, 
0.00221195947698744, 0.00221239964689524, 0.00221180262330283, 
0.00221206099365968, 0.00221169114354658, 0.00221226610868056, 
0.00221173922527942, 0.00221199040798853, 0.00221213639356425, 
0.00221210561541229, 0.00221186939855404, 0.00221127083388354, 
0.00221188943417764, 0.00221224272593097, 0.00221172210516925, 
0.00221197149895986, 0.0022119940060721, 0.0022120912389483, 
0.00221194575008718, 0.00221155692374132, 0.00221202557955335, 
0.00221180983847062, 0.00221196552078486, 0.00221196439925942, 
0.00221173759582303, 0.00221194732161844, 0.00221204766654597, 
0.00221196387560311, 0.00221200785937711, 0.00221187365353339, 
0.00221181507507314, 0.00221186741114243, 0.00221192092961839, 
0.00221181670350635, 0.00221203334735, 0.00177608053983415, 0.0018600063816164, 
0.00188785024521649, 0.00185920539628372, 0.00175227114847557, 
0.00186596809835087, 0.00190871871869633, 0.00187198663232536, 
0.00185233679045096, 0.00182191406731706, 0.00195858563847752, 
0.00185038438046433, 0.00184834944003713, 0.00251265823321812, 
0.00273261364210211, 0.00188864021245947, 0.00200143953798342, 
0.001990320035264, 0.00195705610269663, 0.00186693886784564, 
0.00187933097269143, 0.0019684343970092, 0.00183007502702637, 
0.00174603343301423, 0.00129269286884438, 0.00162416801160157, 
0.00152360612768275, 0.00153868293235674),