list(estimates = structure(list(alpha = c(0.000863512311302484, 
0.000609190997297994, 0.000521268162071228, 0.000467499208719968, 
0.000463235065154949, 0.000350765933833553, 0.000290194003497327, 
0.000188645717083446, 0.000184490852501257, 0.000180663044952668, 
0.000167932788727354, 0.000167126523830908, 0.000159235642994364, 
0.000141538781712992, 0.000143142388222007, 0.000124658975284499, 
0.000126884151757342, 0.000124658555392568, 9.8543833081227e-05, 
8.94721683257163e-05, 9.19077040501208e-05, 0.000123925479491322, 
0.000156625191470151, 0.00043605264038304, 8.98970078127048e-05, 
0.000811938756687269, 0.000122152147494987, 0.000504130209880962, 
0.00025232260732587, 0.000128076305944952, 0.000217303150491876, 
0.000140410730568305, 0.000107213818406887, 0.000248775752841029, 
0.000103906447527417, 0.000129343192591604, 0.000170478817846907, 
0.000150725701356847, 0.000101705086338479, 0.000776083055301441, 
0.00064827765953472, 0.000312450271538058, 0.00024701013597316, 
0.000116177074772214, 0.000110393930353569, 0.00051685135091888, 
0.000507227410694519, 0.000233651820120335, 0.000573929085293917, 
7.79975301504635e-05, 0.000298992940396722, 4.4958611783154e-05, 
9.00759683480359e-05, 9.74713521539169e-05, 0.000274706784891415, 
2.89482605845475e-05, 2.65344794821892e-05, 8.13057240452421e-05, 
0.000726747185646397), beta = c(3.47624003208242e-05, 4.55755974051294e-05, 
5.14750137110727e-05, 5.61493123976402e-05, 5.66673702766006e-05, 
7.06902643682339e-05, 8.26764019038265e-05, 0.000120133253175102, 
0.000122076174394794, 0.000124404288035073, 0.000132855326588794, 
0.000133367128319363, 0.000139297545990982, 0.000154936868338125, 
0.000153803212734552, 0.000174517700529865, 0.000171233387528189, 
0.000174088377177907, 0.00021845960268095, 0.000240085657717731, 
0.000232643047658267, 0.000177784746621613, 0.000136907744156837, 
6.00197590629332e-05, 0.00022914244804092, 3.75360220557755e-05, 
0.000166498420901334, 4.88171099782735e-05, 8.60312677161455e-05, 
0.000139914845832375, 8.92531490114273e-05, 0.000127739068774787, 
0.000213940367820103, 7.60012064457564e-05, 0.000140604700561704, 
0.000120589023932391, 0.000182389231029777, 0.000193453721131398, 
0.000132247838748618, 4.50467337987466e-05, 3.57158654793423e-05, 
0.000107173548362658, 0.000138271856102943, 8.92879882774159e-05, 
0.000113229445957171, 3.92224026280005e-05, 3.77294020905442e-05, 
0.000165041817400842, 6.7164986256328e-05, 5.98829820506538e-05, 
0.00014661643056471, 0.000109446966174393, 7.94764553372524e-05, 
5.7878799434667e-05, 2.75114599713621e-05, 6.75926399929975e-05, 
1.15866393256818e-05, 6.73691364302192e-06, 0.00015977291718387
), weight = c(0.0660846495385892, 0.0583340740992812, 0.0551577932517507, 
0.0530027345935163, 0.052711558411697, 0.0480493354905797, 0.0449590108752342, 
0.0396341121494057, 0.0395259661232562, 0.0393191186035245, 0.0386808202498148, 
0.0386525525623168, 0.0382745374372586, 0.0374504591190861, 0.0375197938507851, 
0.0367890697329245, 0.037014600958718, 0.0368067207235482, 0.0359396798864726, 
0.0359385245715578, 0.0360817016552642, 0.036736627057277, 0.0396052377619279, 
0.0489070679315487, 0.0379529835508066, 0.0585707740751652, 0.0394701343402434, 
0.0559528426480355, 0.0493487051842158, 0.043527866459755, 0.0529323211563755, 
0.0480100455828067, 0.028893793671548, 0.0590902687754729, 0.0449170181710093, 
0.0421402197792965, 0.0251787543740757, 0.0214899485618982, 0.0547232017305646, 
0.0270997806518223, 0.100188535854712, 0.016888265824632, 0.0156298199914337, 
0.0535063422876213, 0.0624678912035184, 0.0974983965794358, 0.104961537156796, 
0.00699873088472146, 0.00734862450463907, 0.0750000613983108, 
-0.00487916416944566, 0.0720242395345123, 0.0837826250089616, 
0.0868633500605171, 0.0757849886616979, 0.0656100289130178, 0.0941623230189394, 
0.136494737278696, -0.0663485186105977), sel.coef = c(0.117302419792313, 
0.160137765349806, 0.184071509612823, 0.203062409563902, 0.204937966604633, 
0.263209424537745, 0.313054440562999, 0.46829289312235, 0.477365711286448, 
0.486983679472672, 0.522014192178124, 0.524282426490877, 0.548953138020406, 
0.61413865404685, 0.608436552430627, 0.694586670670474, 0.6819516252615, 
0.69373227549068, 0.874198550795123, 0.961845183895473, 0.934173897590219, 
0.703124903829476, 0.54877809381121, 0.217400102997114, 0.937504283963103, 
0.125722481913845, 0.685415205364397, 0.182340370076381, 0.342618315705322, 
0.613811764870661, 0.376219163406119, 0.560242323849641, 0.829260469291543, 
0.324477678845622, 0.683490160587054, 0.567066946212606, 0.60694949374338, 
0.664684865830835, 0.670313687615057, 0.140832117181669, 0.137547276890642, 
0.343243491478708, 0.438668253095627, 0.515646580095955, 0.595607433072193, 
0.161610440385648, 0.160085423542102, 0.492775235714738, 0.200166661615146, 
0.518791720452663, 0.410355620370474, 0.922450728632876, 0.554626453298286, 
0.45594366226369, 0.186774339534435, 0.908587533842422, 0.424328577820585, 
0.188604077589435, 0.274239495613821), intercept = c(0.00164871470429927, 
0.00196841095649217, 0.00207982883461231, 0.00214433437708129, 
0.00214882547721295, 0.00228100175010928, 0.00236562457100865, 
0.00247847764023032, 0.00248834101065161, 0.00249184470145116, 
0.00250493904906226, 0.00250704670372246, 0.00251343000834108, 
0.00253646641192086, 0.00252386467688088, 0.00254317683042053, 
0.00253220494484686, 0.00254998142112964, 0.00256906389922183, 
0.0025614168453549, 0.00256290934859072, 0.00249658567730327, 
0.00248119936583959, 0.0023439554259515, 0.00245727860263715, 
0.00184692821584769, 0.00245896518833981, 0.00237541105284968, 
0.0021718575894559, 0.00248564992692932, 0.00204814275281783, 
0.00211229223410272, 0.00307887303345184, 0.00187516006919337, 
0.0028229160020744, 0.00314239692854175, 0.00263786399917061, 
0.00324527025856837, 0.00199507032188938, 0.00274488076773655, 
0.000759094605736432, 0.00342301348643782, 0.00337524088568798, 
0.0030977466565388, 0.00143504099969404, 0.000872520324650935, 
0.000697269884497739, 0.00370478694878702, 0.00349495418224429, 
0.00222100842217153, 0.00424854393466287, 0.00185812616388685, 
0.000428855031539217, 0.00102804502806785, 0.00465093203544872, 
0.00333985122092482, 0.00316435931476023, 0.00349963182235074, 
0.0026089712854754), value = c(0.000649922810712076, 0.000650118194068096, 
0.000650211832912451, 0.000650277146034596, 0.000650285002761421, 
0.000650446595404764, 0.000650545461798369, 0.000650742194059866, 
0.000650745226683906, 0.000650753040370093, 0.000650777676257902, 
0.000650779001460153, 0.000650794191978009, 0.00065082725064347, 
0.000650829904677387, 0.000650854549743228, 0.000650856337073956, 
0.000650857095089098, 0.000650890067936063, 0.000650893560721442, 
0.000650900462576696, 0.000650938914507571, 0.000651074635737846, 
0.000651177131761739, 0.000651562509801606, 0.000651694473606201, 
0.000652166877577085, 0.000654163861813497, 0.000654193257458122, 
0.000658777842539027, 0.000663842521552701, 0.000666399333721932, 
0.00066664036351932, 0.000673305377691057, 0.000677657187428506, 
0.00067894085242517, 0.000684947331261755, 0.000687376904217453, 
0.00070216821968277, 0.000713518245621914, 0.000726211591255861, 
0.000727949404419498, 0.0007293098910728, 0.000739957118648181, 
0.00074092444077729, 0.000743547056784118, 0.00078000117664595, 
0.000791988113485803, 0.000802332530419076, 0.000907003633571782, 
0.000909396709778399, 0.000916955209829731, 0.000947091483574473, 
0.000962953347334489, 0.00101413157011096, 0.00106341714236967, 
0.00134268039968785, 0.00163515236535688, 0.00242027813939861
), fevals = c(502, 414, 460, 420, 502, 467, 344, 331, 407, 315, 
278, 400, 370, 411, 263, 419, 371, 501, 502, 362, 502, 399, 245, 
502, 273, 421, 502, 502, 306, 502, 199, 502, 502, 216, 404, 502, 
501, 256, 474, 296, 350, 240, 263, 501, 307, 502, 478, 309, 217, 
502, 481, 502, 448, 502, 246, 502, 501, 502, 502),