list(estimates = structure(list(alpha = c(1.69091961796429e-07, 
2.8650505283386e-07, 3.37172760738636e-07, 1.5894151053525e-07, 
3.46008114260235e-07, 2.45982407573765e-07, 1.39921913176661e-07, 
4.02711422143734e-07, 2.45837284336465e-07, 2.63119433586191e-07, 
3.32418703737271e-07, 4.67752042218171e-07, 4.5465149621289e-07, 
3.70293521828395e-07, 5.08237743145397e-07, 1.62799679225949e-07, 
5.27179847498759e-07, 5.61304186154296e-07, 7.89188483980867e-07, 
8.42904795949219e-07, 5.3224212850338e-07, 9.87202307539382e-07, 
9.33873003110549e-07, 8.85574230943483e-07, 8.6602270184454e-07, 
1.22021329855646e-06, 1.20297999073781e-06, 1.36238908871277e-06, 
1.37780934841191e-06, 1.44242270702339e-06, 1.22718327132156e-06, 
1.54381097859705e-06, 1.34059915073155e-06, 1.5828803973263e-06, 
0.0166688346630204, 0.0117328438638437, 0.0115634672381082, 0.0132773192408805, 
0.0128383065759076, 0.0134894191981945, 0.0131769532221731, 0.0143296188431052, 
0.0123250102334152, 0.0146545328390187, 0.0151306403365682, 0.013989800983266, 
0.0156070298751869, 0.0144958859560099, 0.0170721968638649, 0.0176353739906261, 
0.0171524599324912, 0.0158693674014216, 0.0210096372715174, 0.0176949990001207, 
0.0175090228076244, 0.0178197495126354, 0.0193468917113001, 0.0294094862250288, 
0.0277954389164485, 0.0312802515145439, 0.0321084339785071, 0.0285254963156061, 
0.0488296982671869, 0.0354810848648495, 0.032633229510774, 0.0491247154466883, 
0.039770923324399, 0.0549218738414701, 0.0366257212963187, 0.0653883043530675, 
0.0621067803827682, 0.0942367621393371, 0.0629094132999038, 0.0619648714906862, 
0.0756074644477324, 0.0745519077399869, 0.06781233088258, 0.0802739853749407, 
0.0852605534300895), beta = c(7.69255316421883e-06, 9.81939485673367e-06, 
8.53428845885729e-06, 7.11927866579267e-06, 9.03086032607134e-06, 
7.02257463834445e-06, 7.03432483786132e-06, 8.08469277327767e-06, 
6.20682698030543e-06, 5.52019320383569e-06, 6.36575281017923e-06, 
8.9347838289836e-06, 7.11312228838432e-06, 6.46285993538131e-06, 
8.13647017403375e-06, 1.28996874447339e-05, 9.40410410654938e-06, 
6.61882552120893e-06, 6.19405516587038e-06, 6.26463380840683e-06, 
5.74719594391448e-06, 5.92984104174523e-06, 6.42795342894686e-06, 
7.30464879962315e-06, 7.82219287427294e-06, 5.68912234183502e-06, 
6.36760885937488e-06, 5.35637540926791e-06, 5.48922305546158e-06, 
5.46865798797851e-06, 6.60878880815423e-06, 5.32258940227678e-06, 
6.40041980367436e-06, 5.29639843348297e-06, 9.52583736597781e-06, 
7.34535537168728e-06, 8.47455026081136e-06, 7.32232875550723e-06, 
9.19105732587446e-06, 7.44947847599738e-06, 7.60771105323804e-06, 
8.49172310533228e-06, 9.33883171161931e-06, 8.72106330821169e-06, 
9.04554924721951e-06, 9.67841723347615e-06, 9.68373249233084e-06, 
3.73221516558014e-06, 5.15202279065388e-06, 1.80954123601682e-06, 
1.02501340630906e-05, 1.08268967913214e-05, 8.73565930670309e-06, 
3.67384450588504e-06, 4.05691477402184e-06, 3.47043786492729e-06, 
3.01630210200288e-06, 4.9399506192223e-05, 5.02214686190211e-05, 
4.83350884555095e-05, 5.18395980137007e-05, 5.90745922856408e-05, 
4.37925209228998e-05, 5.96283656333658e-05, 6.49155664260721e-05, 
4.80168547338635e-05, 6.43977218085546e-05, 6.00953810145023e-05, 
7.7482259217599e-05, 6.10371611634783e-05, 6.89540075104841e-05, 
0.000116316254179366, 7.14621302640844e-05, 6.51139057559375e-05, 
8.69100097566839e-05, 9.45507490511823e-05, 9.10714183878069e-05, 
0.000121546245827602, 0.000131873781944671), weight = c(0.0463291961666583, 
0.274283529268199, 0.202172710757768, 0.0219118091619287, 0.249540926660007, 
0.0597987785234083, 0.0100416189467755, 0.20591760619977, 0.0355842113663504, 
0.0283693003174756, 0.073068678104212, 0.321981404992133, 0.162212989042275, 
0.0915937290670016, 0.272588485959929, 0.392461923489563, 0.404671710730707, 
0.178479749638069, 0.245967864911727, 0.274584598857285, 0.1232190596693, 
0.307120017283863, 0.330621195717506, 0.402023629058971, 0.452755704518989, 
0.383622575234261, 0.459493463514413, 0.407554535020658, 0.430205549037616, 
0.457858850953193, 0.508883810913736, 0.48518369568876, 0.545592971342264, 
0.498520109138129, -0.768561317552204, 0.0784848102012466, 0.196759030731803, 
0.074939194827093, 0.157938383055431, 0.119901261734542, 0.223823547199564, 
0.118769295889, 0.449504851485156, 0.167831607130152, 0.142011487648365, 
0.326437854326593, 0.266244826785505, 0.193129837951803, 0.15975802462599, 
0.0870328105569423, 0.467071816280067, 0.566804451697931, 0.445419023682737, 
0.435824773444378, 0.414123848868061, 0.41667500333829, 0.385652145930142, 
0.400152326492324, 0.031219997313139, 0.439881927682945, 0.0599166912876723, 
0.310688667554395, 0.04040860265649, 0.475471005514558, 0.449410860611032, 
0.304693927708542, 0.355231881656718, 0.245227642986056, 0.45286208624694, 
0.0343555031785713, 0.0395432296324187, 0.0564297091182016, 0.422647938407987, 
0.352894941357455, 0.482977285536709, 0.0260547450461965, 0.336982227328706, 
0.382615429356799, 0.455652050069446), sel.coef = c(0.439159097172954, 
0.24245729850251, 0.346944287986903, 0.544840031273365, 0.303781600366114, 
0.568848097920383, 0.562154325502348, 0.403341593254291, 0.766408426913146, 
0.984283273242896, 0.723140392288611, 0.324955373597424, 0.55584887174115, 
0.698481467352343, 0.403788759534364, 0.123217048761802, 0.298492917767554, 
0.659384727435671, 0.753612238960641, 0.731689404911266, 0.902716492358481, 
0.813590164411821, 0.683153067451612, 0.51624930705245, 0.446439211406528, 
0.863171448646895, 0.67081469796462, 0.965383511758404, 0.910996840229503, 
0.906382516031503, 0.613538574410115, 0.945431026253942, 0.643537623237634, 
0.950391097633752, 0.783220365797079, 0.186363271302006, 0.148661368584778, 
0.30716356015542, 0.252589558493508, 0.310571154352793, 0.27032738918367, 
0.376956470476928, 0.159492115282971, 0.389099409000416, 0.434422175428162, 
0.308835609228322, 0.448837947319964, 0.358057015787007, 0.575702114443426, 
0.636074572684976, 0.538042814080614, 0.418754926309252, 0.872702750230809, 
0.547554589823743, 0.50978512532012, 0.520629088757085, 0.624140715423542, 
0.34682071076764, 0.269974273396258, 0.422586483556001, 0.417144564031194, 
0.19042877114643, 0.88930556788202, 0.356321612265703, 0.24386105588428, 
0.85453028523006, 0.415095680167942, 0.751726210382186, 0.232623106530176, 
0.971801563196501, 0.802443214340952, 0.949143255580216, 0.795784108872964, 
0.819865943617662, 0.873806298310157, 0.801034613312169, 0.718760831275394, 
0.726626628645267, 0.747387409881941),