list(standard.errors = structure(c(3.66470563408234e-06, 1.06497389430886e-05, 
0.000165417794157197, 0.00187379746463264, 0.000199722245038911, 
2.17510466894077e-05, 2.17776473707853e-05, 5.16749131212574e-08, 
7.5347740606585e-05, 0.000218670913270666, 2.90215582069259, 
0.0397982229369447, 0.00193023905284855, 0.255982359028213, 0.00044797852943794, 
0.74350733190171, 8.58297878795128e-05, 0.000249132081111357, 
2.90262757975269, 0.0451774858385399, 0.00255526739742591, 0.256044608412627, 
0.000510268504799834, 0.743507483425762), .Dim = c(8L, 3L), .Dimnames = list(
    c("alpha", "beta", "beta/alpha", "weight", "intercept", "PrMMinf", 
    "PrUMinf", "PrUUinf"), c("SE", "2.5%", "97.5%"))), boot.base = structure(list(
    alpha = 8.15656979047931e-05, beta = 0.000236764469688749, 
    weight = 0.0407073967336697, intercept = 0.00234450109011119, 
    value = 0.000654722330285877, fevals = 155, gevals = NA_real_, 
    niter = NA_real_, convcode = 0, kkt1 = FALSE, kkt2 = FALSE, 
    xtime = 10.265, PrMMinf = 0.2559873998513, PrUMinf = 0.000484943094632135, 
    PrUUinf = 0.743527657054068, alpha.start = 5.63331147008441e-07, 
    beta.start = 0.00100775727922858, weight.start = 0.0370652153622359, 
    intercept.start = 0.00996675580833792, value.part = 0.000654578197631835), row.names = "Nelder-Mead1", class = "data.frame"), 
    settings = structure(list(Para = structure(c(5L, 6L, 7L, 
    1L, 2L, 3L, 4L), .Label = c("eqp", "eqp.weight", "Nstarts", 
    "optim.method", "p0mm", "p0um", "p0uu"), class = "factor"), 
        Setting = structure(c(2L, 1L, 3L, 3L, 4L, 5L, 6L), .Label = c("0", 
        "0.256492607060569", "0.743507392939431", "1", "5", "Nelder-Mead"
        ), class = "factor")), class = "data.frame", row.names = c(NA, 
    -7L)), N.boots = 10, N.good.boots = 10L, boot.results = structure(list(
        alpha = c(8.51085224936525e-05, 8.60391875076658e-05, 
        8.31665136565734e-05, 7.68381403019451e-05, 7.79309499326775e-05, 
        7.49150439208352e-05, 7.94736500795666e-05, 8.16248828529622e-05, 
        8.37014374740045e-05, 8.1347508293235e-05), beta = c(0.000247035694886349, 
        0.00024974070937023, 0.000241391599836197, 0.000223001458010984, 
        0.000226176900316089, 0.000217413658346058, 0.00023065980863847, 
        0.000236911249580072, 0.000242946143633198, 0.000236105324236527
        ), weight = c(0.0430750478080124, 0.0402674848348808, 
        0.0402219624339557, 0.0455192517758148, 0.0440002920545931, 
        0.0425929323003288, 0.0433632540613665, 0.0411792187174822, 
        0.0396752017926511, 0.0422883448264517), sel.coef = c(0.00188966881410636, 
        0.00208952428624445, 0.00224810963235333, 0.00215784237481102, 
        0.00246449713989349, 0.00258162005283855, 0.00226810160183681, 
        0.00233253848035853, 0.00218853919495936, 0.00206998098629389
        ), intercept = c(0.000743808692004213, 0.000602454701770772, 
        0.000624085751493786, 0.000695935406238124, 0.000599180260404518, 
        0.000687114539058033, 0.000620848697691383, 0.000636161498666234, 
        0.000565288590461328, 0.000632394859207918), fevals = c(211, 
        197, 231, 289, 231, 245, 261, 231, 179, 205), gevals = c(NA_real_, 
        NA_real_, NA_real_, NA_real_, NA_real_, NA_real_, NA_real_, 
        NA_real_, NA_real_, NA_real_), niter = c(NA_real_, NA_real_, 
        NA_real_, NA_real_, NA_real_, NA_real_, NA_real_, NA_real_, 
        NA_real_, NA_real_), convcode = c(0, 0, 0, 0, 0, 0, 0, 
        0, 0, 0), kkt1 = c(FALSE, FALSE, FALSE, FALSE, FALSE, 
        FALSE, FALSE, FALSE, FALSE, FALSE), kkt2 = c(FALSE, FALSE, 
        FALSE, FALSE, FALSE, FALSE, FALSE, FALSE, FALSE, FALSE
        ), xtime = c(13.642, 12.973, 15.2140000000001, 18.961, 
        14.794, 16.62, 17.9, 15.324, 12.0169999999999, 13.7090000000001
        ), PrMMinf = c(0.255986672203825, 0.255981106815939, 
        0.255998147998475, 0.256035733789815, 0.256029230122516, 
        0.256047184916024, 0.256020042821395, 0.256007355803274, 
        0.255995050679161, 0.256008876190272), PrUMinf = c(0.000505982584702478, 
        0.000511512804182937, 0.000494442635753396, 0.000456835781773344, 
        0.00046333009302209, 0.0004454070690825, 0.000472497862890475, 
        0.000485281593578615, 0.000497621283253269, 0.000483633384274698
        ), PrUUinf = c(0.743507345211472, 0.743507380379878, 
        0.743507409365772, 0.743507430428412, 0.743507439784462, 
        0.743507408014893, 0.743507459315714, 0.743507362603148, 
        0.743507328037586, 0.743507490425453), alpha.start = c(8.15656979047931e-05, 
        8.15656979047931e-05, 8.15656979047931e-05, 8.15656979047931e-05, 
        8.15656979047931e-05, 8.15656979047931e-05, 8.15656979047931e-05, 
        8.15656979047931e-05, 8.15656979047931e-05, 8.15656979047931e-05
        ), beta.start = c(0.000236764469688749, 0.000236764469688749, 
        0.000236764469688749, 0.000236764469688749, 0.000236764469688749, 
        0.000236764469688749, 0.000236764469688749, 0.000236764469688749, 
        0.000236764469688749, 0.000236764469688749), weight.start = c(0.0407073967336697, 
        0.0407073967336697, 0.0407073967336697, 0.0407073967336697, 
        0.0407073967336697, 0.0407073967336697, 0.0407073967336697, 
        0.0407073967336697, 0.0407073967336697, 0.0407073967336697
        ), intercept.start = c(0.00234450109011119, 0.00234450109011119, 
        0.00234450109011119, 0.00234450109011119, 0.00234450109011119, 
        0.00234450109011119, 0.00234450109011119, 0.00234450109011119, 
        0.00234450109011119, 0.00234450109011119)), class = "data.frame", row.names = c("Nelder-Mead", 
    "Nelder-Mead1", "Nelder-Mead2", "Nelder-Mead3", "Nelder-Mead4", 
    "Nelder-Mead5", "Nelder-Mead6", "Nelder-Mead7", "Nelder-Mead8", 
    "Nelder-Mead9")), model = "ABneutral.R")
