list(estimates = 0.0133627072250712, estimates.flagged = NULL, 
    pedigree = structure(c(0, 0, 0, 0, 0, 0, 0, 0, 0, 0, 0, 0, 
    0, 0, 0, 0, 0, 0, 0, 0, 0, 0, 0, 0, 0, 0, 2, 0, 0, 0, 0, 
    0, 0, 0, 0, 0, 0, 0, 0, 0, 0, 0, 0, 0, 0, 0, 0, 0, 0, 0, 
    0, 0, 0, 0, 0, 0, 0, 0, 0, 0, 0, 0, 0, 0, 0, 0, 0, 0, 0, 
    0, 0, 0, 0, 0, 0, 30, 0, 0, 0, 0, 0, 0, 0, 0, 0, 0, 0, 0, 
    0, 0, 0, 0, 0, 0, 0, 0, 0, 0, 0, 0, 0, 0, 0, 0, 0, 0, 0, 
    0, 0, 0, 0, 0, 0, 0, 0, 0, 0, 0, 0, 0, 30, 0, 0, 0, 0, 0, 
    0, 0, 0, 0, 0, 0, 0, 0, 0, 0, 0, 0, 0, 0, 0, 0, 0, 0, 0, 
    0, 0, 0, 0, 0, 0, 0, 0, 0, 0, 0, 0, 0, 0, 0, 0, 30, 30, 0, 
    0, 0, 0, 0, 0, 0, 0, 0, 0, 0, 0, 0, 0, 0, 0, 0, 30, 0, 0, 
    0, 0, 0, 0, 0, 0, 0, 0, 0, 0, 0, 0, 0, 0, 0, 0, 0, 0, 0, 
    0, 0, 0, 0, 0, 0, 0, 0, 0, 0, 0, 0, 0, 30, 0, 0, 0, 0, 0, 
    0, 0, 0, 0, 0, 0, 30, 30, 0, 0, 0, 0, 0, 0, 0, 0, 0, 0, 0, 
    0, 0, 30, 30, 0, 0, 30, 0, 0, 0, 0, 0, 0, 0, 0, 0, 0, 0, 
    30, 30, 0, 0, 0, 0, 0, 0, 0, 0, 0, 0, 0, 30, 30, 30, 0, 0, 
    0, 0, 0, 0, 0, 0, 0, 0, 0, 0, 0, 0, 0, 0, 0, 0, 0, 0, 0, 
    0, 30, 0, 0, 0, 0, 0, 0, 0, 0, 0, 0, 0, 0, 0, 0, 0, 0, 0, 
    0, 30, 0, 0, 0, 0, 0, 0, 0, 0, 0, 0, 0, 0, 0, 0, 30, 30, 
    0, 0, 0, 0, 30, 0, 0, 0, 0, 0, 0, 0, 0, 31, 0, 0, 0, 0, 31, 
    3, 3, 3, 3, 3, 3, 3, 3, 3, 3, 3, 3, 3, 3, 3, 3, 3, 3, 3, 
    3, 3, 3, 3, 3, 3, 3, 3, 3, 3, 3, 3, 3, 3, 3, 3, 3, 3, 3, 
    3, 3, 3, 3, 3, 3, 3, 3, 3, 3, 3, 3, 3, 3, 3, 3, 3, 3, 3, 
    3, 3, 3, 3, 3, 3, 3, 3, 3, 3, 3, 3, 3, 3, 3, 3, 3, 3, 31, 
    31, 31, 31, 31, 31, 31, 31, 31, 31, 31, 31, 31, 31, 31, 31, 
    31, 31, 31, 31, 31, 31, 31, 31, 31, 31, 31, 31, 31, 31, 31, 
    31, 31, 31, 31, 31, 31, 31, 31, 31, 31, 31, 31, 31, 31, 31, 
    31, 31, 31, 31, 31, 31, 31, 31, 31, 31, 31, 31, 31, 31, 31, 
    31, 31, 31, 31, 31, 31, 31, 31, 31, 31, 31, 31, 31, 31, 31, 
    31, 31, 31, 31, 31, 31, 31, 31, 31, 31, 31, 31, 31, 31, 31, 
    31, 31, 31, 31, 31, 31, 31, 31, 31, 31, 31, 31, 31, 31, 31, 
    31, 31, 31, 31, 31, 31, 31, 31, 31, 31, 31, 31, 31, 31, 31, 
    31, 31, 31, 31, 31, 31, 31, 31, 31, 31, 31, 31, 31, 31, 31, 
    31, 31, 31, 31, 31, 31, 31, 31, 31, 31, 31, 31, 31, 31, 31, 
    31, 31, 31, 31, 31, 31, 31, 31, 31, 31, 31, 31, 31, 31, 31, 
    31, 31, 31, 31, 31, 31, 31, 31, 31, 31, 31, 31, 31, 31, 31, 
    31, 31, 31, 31, 31, 31, 31, 31, 31, 31, 31, 31, 31, 31, 31, 
    31, 31, 31, 31, 31, 31, 31, 31, 31, 31, 31, 31, 31, 31, 31, 
    31, 31, 31, 31, 31, 31, 31, 31, 31, 31, 31, 31, 31, 31, 31, 
    31, 31, 31, 31, 31, 31, 31, 31, 31, 31, 31, 31, 31, 31, 31, 
    31, 31, 31, 31, 31, 31, 31, 31, 31, 31, 31, 31, 31, 31, 31, 
    31, 31, 31, 31, 31, 31, 31, 31, 31, 31, 31, 31, 31, 31, 32, 
    32, 32, 32, 32, 32, 3, 3, 31, 31, 31, 31, 31, 31, 31, 31, 
    31, 31, 31, 31, 31, 31, 31, 31, 31, 31, 31, 31, 32, 32, 32, 
    32, 3, 31, 31, 31, 31, 31, 31, 31, 31, 31, 31, 31, 31, 31, 
    31, 31, 31, 31, 31, 31, 31, 32, 32, 32, 32, 31, 31, 31, 31, 
    31, 31, 31, 31, 31, 31, 31, 31, 31, 31, 31, 31, 31, 31, 31, 
    31, 32, 32, 32, 32, 31, 31, 31, 31, 31, 31, 31, 31, 31, 31, 
    31, 31, 31, 31, 31, 31, 31, 31, 31, 32, 32, 32, 32, 31, 31, 
    31, 31, 31, 31, 31, 31, 31, 31, 31, 31, 31, 31, 31, 31, 31, 
    31, 32, 32, 32, 32, 31, 31, 31, 31, 31, 31, 31, 31, 31, 31, 
    31, 31, 31, 31, 31, 31, 31, 32, 32, 32, 32, 31, 31, 31, 31, 
    31, 31, 31, 31, 31, 31, 31, 31, 31, 31, 31, 31, 32, 32, 32, 
    32, 31, 31, 31, 31, 31, 31, 31, 31, 31, 31, 31, 31, 31, 31, 
    31, 32, 32, 32, 32, 31, 31, 31, 31, 31, 31, 31, 31, 31, 31, 
    31, 31, 31, 31, 32, 32, 32, 32, 31, 31, 31, 31, 31, 31, 31, 
    31, 31, 31, 31, 31, 31, 32, 32, 32, 32, 31, 31, 31, 31, 31, 
    31, 31, 31, 31, 31, 31, 31, 32, 32, 32, 32, 31, 31, 31, 31, 
    31, 31, 31, 31, 31, 31, 31, 32, 32, 32, 32, 31, 31, 31, 31, 
    31, 31, 31, 31, 31, 31, 32, 32, 32, 32, 31, 31, 31, 31, 31, 
    31, 31, 31, 31, 32, 32, 32, 32, 31, 31, 31, 31, 31, 31, 31, 
    31, 32, 32, 32, 32, 31, 31, 31, 31, 31, 31, 31, 32, 32, 32, 
    32, 31, 31, 31, 31, 31, 31, 32, 32, 32, 32, 31, 31, 31, 31, 
    31, 32, 32, 32, 32, 31, 31, 31, 31, 32, 32, 32, 32, 31, 31, 
    31, 32, 32, 32, 32, 31, 31, 32, 32, 32, 32, 31, 32, 32, 32, 
    32, 32, 32, 32, 32, 32, 32, 32, 32, 32, 32, 0.0055166666, 
    0.0058568565, 0.0117927489, 0.0093453412, 0.0109053155, 0.0114647321, 
    0.0121002235, 0.0126642795, 0.0120633717, 0.012353608, 0.0112159531, 
    0.0115677023, 0.0119817876, 0.0115505106, 0.0114271656, 0.0127996942, 
    0.0131801548, 0.0118126686, 0.0097749455, 0.0116435161, 0.0096576729, 
    0.0120133044, 0.0109251597, 0.0114302209, 0.0107924539, 0.0103806399, 
    0.0062273538, 0.0119429474, 0.0098288262, 0.0111957121, 0.0118307527, 
    0.0128150253, 0.0129251549, 0.0126855579, 0.0123426926, 0.0113778248, 
    0.0117640325, 0.0120964185, 0.0121513468, 0.012110761, 0.0133663771, 
    0.0130188228, 0.0121086455, 0.0102073719, 0.0116701647, 0.0099460613, 
    0.0119370793, 0.011081959, 0.0116702405, 0.0110785131, 0.0108934244, 
    0.0117076675, 0.0094067529, 0.0109415152, 0.0115185155, 0.0119703851, 
    0.0123686435, 0.0119287039, 0.0122181274, 0.0110927841, 0.011516398, 
    0.0119447603, 0.0116094944, 0.0113755827, 0.0129762437, 0.0130883446, 
    0.0117938835, 0.009826606, 0.0114821278, 0.0095530336, 0.0118836572, 
    0.0108039184, 0.0112027393, 0.0106045629, 0.0102390863, 0.0031952934, 
    0.0137948612, 0.0152259645, 0.0165345022, 0.0168256444, 0.016389338, 
    0.0162572336, 0.0150081165, 0.015663552, 0.016090029, 0.0158450843, 
    0.0155282925, 0.0168992739, 0.0165869465, 0.0156436884, 0.0136881138, 
    0.0151391973, 0.0132549422, 0.0154541493, 0.0147604625, 0.0154603282, 
    0.0149176134, 0.0146636604, 0.0109103587, 0.0116359273, 0.0135065192, 
    0.0139524971, 0.0134062524, 0.0137873738, 0.012607837, 0.0130087561, 
    0.0134542766, 0.0127158986, 0.0126293514, 0.0131350995, 0.013530305, 
    0.0128441416, 0.0108220298, 0.0123773456, 0.0104121011, 0.0127263935, 
    0.0125622278, 0.0131789462, 0.0126463895, 0.0121770561, 0.0026387688, 
    0.0151485315, 0.0155555715, 0.0150676653, 0.015333071, 0.0141563321, 
    0.0146106424, 0.0149881104, 0.0142826625, 0.0144166625, 0.0158576579, 
    0.0162052512, 0.0143938143, 0.0122651094, 0.0140496169, 0.0119720532, 
    0.014432739, 0.013994284, 0.0147118613, 0.0141897869, 0.0137361796, 
    0.0156608966, 0.0161003511, 0.0155576892, 0.0159361589, 0.014656433, 
    0.0151569102, 0.0155567608, 0.0147589928, 0.0148475984, 0.0162165663, 
    0.0166881509, 0.0150288427, 0.0126779021, 0.0145232106, 0.0123295544, 
    0.0149464404, 0.0146081515, 0.0153587413, 0.0148135592, 0.0143663537, 
    0.0032835741, 0.0007983795, 0.016991817, 0.0155157261, 0.0158716705, 
    0.0163865536, 0.0154306621, 0.0153251575, 0.0174110582, 0.0180297507, 
    0.0161959842, 0.0138791024, 0.0160198035, 0.0137256895, 0.0164997805, 
    0.0154726797, 0.0162625998, 0.0154118438, 0.0148549845, 0.0032175762, 
    0.017095165, 0.015885358, 0.016140095, 0.0165013683, 0.0157912957, 
    0.015978551, 0.0178933389, 0.018400845, 0.0166469304, 0.0144493282, 
    0.016342, 0.0142758664, 0.0167491382, 0.0157651869, 0.0166687122, 
    0.0158733388, 0.0154170669, 0.0168780423, 0.0153688629, 0.0157053566, 
    0.0162165248, 0.0153428747, 0.0152492678, 0.0172449122, 0.0178691391, 
    0.0161093031, 0.0138089309, 0.0158750237, 0.0136598667, 0.0163187318, 
    0.0153569685, 0.0161570097, 0.0152737898, 0.0147496709, 0.0030785756, 
    0.0161606282, 0.0163316819, 0.0141975918, 0.0160894963, 0.0177311442, 
    0.0176370909, 0.0162534072, 0.0142180717, 0.0159980116, 0.0139872307, 
    0.016331451, 0.0037988353, 0.0041986997, 0.0156186549, 0.0153444054, 
    0.0148346183, 0.0152464911, 0.0134005244, 0.0146798487, 0.0164226781, 
    0.0162686493, 0.0149212714, 0.0129479318, 0.0147827566, 0.0127368841, 
    0.0151380213, 0.00328792, 0.003389563, 0.0142555321, 0.0139236646, 
    0.0027995625, 0.0146125594, 0.0146262257, 0.0166637118, 0.0168923056, 
