list(estimates = structure(list(alpha = 9.66818429415934e-05, 
    beta = 0.000218833050160516, weight = 0.0359204014416092, 
    sel.coef = 0.883365171180273, intercept = 0.00262664582451334, 
    value = 0.000650978571461281, fevals = 502, gevals = NA_real_, 
    niter = NA_real_, convcode = 1, kkt1 = FALSE, kkt2 = FALSE, 
    xtime = 34.516, PrMMinf = 0.255983692190999, PrUMinf = 0.000509543253557068, 
    PrUUinf = 0.743506764555611, alpha.start = 4.51601488908569e-05, 
    beta.start = 3.43344329377178e-06, weight.start = 0.0735057034995407, 
    sel.start = 0.839191761473194, intercept.start = 0.00267455886432998, 
    value.part = 0.000650978432863235), row.names = "Nelder-Mead2", class = "data.frame"), 
    estimates.flagged = structure(list(alpha = c(7.89077103195512e-05, 
    0.205087562948306, 0.112619593551394, 0.103067041196371), 
        beta = c(0.000272432503675844, 0.29185602686832, 0.658824106565653, 
        0.701279060848823), weight = c(0.0359086534752438, -0.0242393107515084, 
        -0.593035562253078, -1.56831804158507), sel.coef = c(1.09112826916312, 
        -0.0426146637969103, 0.917927206393438, 1.16350078092322
        ), intercept = c(0.00257099731087841, -0.171257383913671, 
        -0.199173349680342, -0.19871395399752), value = c(0.000650832141095522, 
        0.00223475672305749, 0.00269383052412678, 0.00303758387368461
        ), fevals = c(392, 232, 192, 250), gevals = c(NA_real_, 
        NA_real_, NA_real_, NA_real_), niter = c(NA_real_, NA_real_, 
        NA_real_, NA_real_), convcode = c(0, 0, 0, 0), kkt1 = c(FALSE, 
        FALSE, FALSE, FALSE), kkt2 = c(FALSE, FALSE, FALSE, FALSE
        ), xtime = c(30.264, 16.847, 15.317, 19.1), PrMMinf = c(0.25598020402955, 
        -0.0056777499976792, 0.0224771324359188, 0.021867285525585
        ), PrUMinf = c(0.000512583622648108, 0.262185955234239, 
        0.234034688738496, 0.234580820108905), PrUUinf = c(0.743507212348392, 
        0.74349179476349, 0.743488178824901, 0.743551894366862
        ), alpha.start = c(2.68296939050484e-07, 9.7600855201099e-06, 
        0.00396526937558226, 4.8902772808524e-06), beta.start = c(1.59147977651529e-06, 
        0.00302366009241154, 1.5087224113168e-08, 0.00134577410037695
        ), weight.start = c(0.0979196373838931, 0.0615322119323537, 
        0.0861492994474247, 0.0283444459317252), sel.start = c(0.98071848640684, 
        0.13105572196655, 0.593751840363257, 0.743869085027836
        ), intercept.start = c(0.00458469417266712, 0.0153727297405194, 
        0.0116989111505478, 0.0149943813789469), value.part = c(0.000650832129648316, 
        0.00223467132367195, 0.00269370094117556, 0.0030368887613424
        )), row.names = c("Nelder-Mead", "Nelder-Mead4", "Nelder-Mead1", 
    "Nelder-Mead3"), class = "data.frame"), pedigree = structure(c(0, 
    0, 0, 0, 0, 0, 0, 0, 0, 0, 0, 0, 0, 0, 0, 0, 0, 0, 0, 0, 
    0, 0, 0, 0, 0, 0, 2, 0, 0, 0, 0, 0, 0, 0, 0, 0, 0, 0, 0, 
    0, 0, 0, 0, 0, 0, 0, 0, 0, 0, 0, 0, 0, 0, 0, 0, 0, 0, 0, 
    0, 0, 0, 0, 0, 0, 0, 0, 0, 0, 0, 0, 0, 0, 0, 0, 0, 30, 0, 
    0, 0, 0, 0, 0, 0, 0, 0, 0, 0, 0, 0, 0, 0, 0, 0, 0, 0, 0, 
    0, 0, 0, 0, 0, 0, 0, 0, 0, 0, 0, 0, 0, 0, 0, 0, 0, 0, 0, 
    0, 0, 0, 0, 0, 30, 0, 0, 0, 0, 0, 0, 0, 0, 0, 0, 0, 0, 0, 
    0, 0, 0, 0, 0, 0, 0, 0, 0, 0, 0, 0, 0, 0, 0, 0, 0, 0, 0, 
    0, 0, 0, 0, 0, 0, 0, 0, 30, 30, 0, 0, 0, 0, 0, 0, 0, 0, 0, 
    0, 0, 0, 0, 0, 0, 0, 0, 30, 0, 0, 0, 0, 0, 0, 0, 0, 0, 0, 
    0, 0, 0, 0, 0, 0, 0, 0, 0, 0, 0, 0, 0, 0, 0, 0, 0, 0, 0, 
    0, 0, 0, 0, 0, 30, 0, 0, 0, 0, 0, 0, 0, 0, 0, 0, 0, 30, 30, 
    0, 0, 0, 0, 0, 0, 0, 0, 0, 0, 0, 0, 0, 30, 30, 0, 0, 30, 
    0, 0, 0, 0, 0, 0, 0, 0, 0, 0, 0, 30, 30, 0, 0, 0, 0, 0, 0, 
    0, 0, 0, 0, 0, 30, 30, 30, 0, 0, 0, 0, 0, 0, 0, 0, 0, 0, 
    0, 0, 0, 0, 0, 0, 0, 0, 0, 0, 0, 0, 30, 0, 0, 0, 0, 0, 0, 
    0, 0, 0, 0, 0, 0, 0, 0, 0, 0, 0, 0, 30, 0, 0, 0, 0, 0, 0, 
    0, 0, 0, 0, 0, 0, 0, 0, 30, 30, 0, 0, 0, 0, 30, 0, 0, 0, 
    0, 0, 0, 0, 0, 31, 0, 0, 0, 0, 31, 3, 3, 3, 3, 3, 3, 3, 3, 
    3, 3, 3, 3, 3, 3, 3, 3, 3, 3, 3, 3, 3, 3, 3, 3, 3, 3, 3, 
    3, 3, 3, 3, 3, 3, 3, 3, 3, 3, 3, 3, 3, 3, 3, 3, 3, 3, 3, 
    3, 3, 3, 3, 3, 3, 3, 3, 3, 3, 3, 3, 3, 3, 3, 3, 3, 3, 3, 
    3, 3, 3, 3, 3, 3, 3, 3, 3, 3, 31, 31, 31, 31, 31, 31, 31, 
    31, 31, 31, 31, 31, 31, 31, 31, 31, 31, 31, 31, 31, 31, 31, 
    31, 31, 31, 31, 31, 31, 31, 31, 31, 31, 31, 31, 31, 31, 31, 
    31, 31, 31, 31, 31, 31, 31, 31, 31, 31, 31, 31, 31, 31, 31, 
    31, 31, 31, 31, 31, 31, 31, 31, 31, 31, 31, 31, 31, 31, 31, 
    31, 31, 31, 31, 31, 31, 31, 31, 31, 31, 31, 31, 31, 31, 31, 
    31, 31, 31, 31, 31, 31, 31, 31, 31, 31, 31, 31, 31, 31, 31, 
    31, 31, 31, 31, 31, 31, 31, 31, 31, 31, 31, 31, 31, 31, 31, 
    31, 31, 31, 31, 31, 31, 31, 31, 31, 31, 31, 31, 31, 31, 31, 
    31, 31, 31, 31, 31, 31, 31, 31, 31, 31, 31, 31, 31, 31, 31, 
    31, 31, 31, 31, 31, 31, 31, 31, 31, 31, 31, 31, 31, 31, 31, 
    31, 31, 31, 31, 31, 31, 31, 31, 31, 31, 31, 31, 31, 31, 31, 
    31, 31, 31, 31, 31, 31, 31, 31, 31, 31, 31, 31, 31, 31, 31, 
    31, 31, 31, 31, 31, 31, 31, 31, 31, 31, 31, 31, 31, 31, 31, 
    31, 31, 31, 31, 31, 31, 31, 31, 31, 31, 31, 31, 31, 31, 31, 
    31, 31, 31, 31, 31, 31, 31, 31, 31, 31, 31, 31, 31, 31, 31, 
    31, 31, 31, 31, 31, 31, 31, 31, 31, 31, 31, 31, 31, 31, 31, 
    31, 31, 31, 31, 31, 31, 31, 31, 31, 31, 31, 31, 31, 31, 31, 
    31, 31, 31, 31, 31, 31, 31, 31, 32, 32, 32, 32, 32, 32, 3, 
    3, 31, 31, 31, 31, 31, 31, 31, 31, 31, 31, 31, 31, 31, 31, 
    31, 31, 31, 31, 31, 31, 32, 32, 32, 32, 3, 31, 31, 31, 31, 
    31, 31, 31, 31, 31, 31, 31, 31, 31, 31, 31, 31, 31, 31, 31, 
    31, 32, 32, 32, 32, 31, 31, 31, 31, 31, 31, 31, 31, 31, 31, 
    31, 31, 31, 31, 31, 31, 31, 31, 31, 31, 32, 32, 32, 32, 31, 
    31, 31, 31, 31, 31, 31, 31, 31, 31, 31, 31, 31, 31, 31, 31, 
    31, 31, 31, 32, 32, 32, 32, 31, 31, 31, 31, 31, 31, 31, 31, 
    31, 31, 31, 31, 31, 31, 31, 31, 31, 31, 32, 32, 32, 32, 31, 
    31, 31, 31, 31, 31, 31, 31, 31, 31, 31, 31, 31, 31, 31, 31, 
    31, 32, 32, 32, 32, 31, 31, 31, 31, 31, 31, 31, 31, 31, 31, 
    31, 31, 31, 31, 31, 31, 32, 32, 32, 32, 31, 31, 31, 31, 31, 
    31, 31, 31, 31, 31, 31, 31, 31, 31, 31, 32, 32, 32, 32, 31, 
    31, 31, 31, 31, 31, 31, 31, 31, 31, 31, 31, 31, 31, 32, 32, 
    32, 32, 31, 31, 31, 31, 31, 31, 31, 31, 31, 31, 31, 31, 31, 
    32, 32, 32, 32, 31, 31, 31, 31, 31, 31, 31, 31, 31, 31, 31, 
    31, 32, 32, 32, 32, 31, 31, 31, 31, 31, 31, 31, 31, 31, 31, 
    31, 32, 32, 32, 32, 31, 31, 31, 31, 31, 31, 31, 31, 31, 31, 
    32, 32, 32, 32, 31, 31, 31, 31, 31, 31, 31, 31, 31, 32, 32, 
    32, 32, 31, 31, 31, 31, 31, 31, 31, 31, 32, 32, 32, 32, 31, 
    31, 31, 31, 31, 31, 31, 32, 32, 32, 32, 31, 31, 31, 31, 31, 
    31, 32, 32, 32, 32, 31, 31, 31, 31, 31, 32, 32, 32, 32, 31, 
    31, 31, 31, 32, 32, 32, 32, 31, 31, 31, 32, 32, 32, 32, 31, 
    31, 32, 32, 32, 32, 31, 32, 32, 32, 32, 32, 32, 32, 32, 32, 
    32, 32, 32, 32, 32, 0.0055166666, 0.0058568565, 0.0117927489, 
    0.0093453412, 0.0109053155, 0.0114647321, 0.0121002235, 0.0126642795, 
    0.0120633717, 0.012353608, 0.0112159531, 0.0115677023, 0.0119817876, 
    0.0115505106, 0.0114271656, 0.0127996942, 0.0131801548, 0.0118126686, 
    0.0097749455, 0.0116435161, 0.0096576729, 0.0120133044, 0.0109251597, 
    0.0114302209, 0.0107924539, 0.0103806399, 0.0062273538, 0.0119429474, 
    0.0098288262, 0.0111957121, 0.0118307527, 0.0128150253, 0.0129251549, 
    0.0126855579, 0.0123426926, 0.0113778248, 0.0117640325, 0.0120964185, 
    0.0121513468, 0.012110761, 0.0133663771, 0.0130188228, 0.0121086455, 
    0.0102073719, 0.0116701647, 0.0099460613, 0.0119370793, 0.011081959, 
    0.0116702405, 0.0110785131, 0.0108934244, 0.0117076675, 0.0094067529, 
    0.0109415152, 0.0115185155, 0.0119703851, 0.0123686435, 0.0119287039, 
    0.0122181274, 0.0110927841, 0.011516398, 0.0119447603, 0.0116094944, 
    0.0113755827, 0.0129762437, 0.0130883446, 0.0117938835, 0.009826606, 
