list(estimates = structure(list(alpha = c(0.000108044555561881, 
5.7610101621284e-05, 6.90440122954866e-05, 3.9443998283718e-05, 
4.76736216205828e-06, 4.72389267922437e-06, 0.000108044555561881, 
0.000108044555561881, 0.000108044555561881, 0.000108044555561881, 
0.000108044555561881, 0.000108044555561881), beta = c(0.000313701234026974, 
0.000167146988304545, 0.000200373768802974, 0.000114390064764491, 
1.38206302863435e-05, 1.36962372325103e-05, 0.000313701234026974, 
0.000313701234026974, 0.000313701234026974, 0.000313701234026974, 
0.000313701234026974, 0.000313701234026974), weight = c(0.02588755690162, 
0.0662281837816902, 0.0652852342258032, 0.0804302235581292, 0.0171860266051416, 
0.0136577226428077, 0.02588755690162, 0.02588755690162, 0.02588755690162, 
0.02588755690162, 0.02588755690162, 0.02588755690162), intercept = c(0.00197323410301781, 
0.00114013503575403, 0.000335606794824847, 0.000802281225562262, 
0.0115020797597122, 0.0122833190244584, 0.00197323410301781, 
0.00197323410301781, 0.00197323410301781, 0.00197323410301781, 
0.00197323410301781, 0.00197323410301781), value = c(0.000708434183249693, 
0.000799779313922643, 0.000813673651335147, 0.00097963451799074, 
0.00303908203909071, 0.0034007220832098, 0.000708434183249693, 
0.000708434183249693, 0.000708434183249693, 0.000708434183249693, 
0.000708434183249693, 0.000708434183249693), fevals = c(147, 
197, 157, 261, 199, 163, 147, 147, 147, 147, 147, 147), gevals = c(NA_real_, 
NA_real_, NA_real_, NA_real_, NA_real_, NA_real_, NA_real_, NA_real_, 
NA_real_, NA_real_, NA_real_, NA_real_), niter = c(NA_real_, 
NA_real_, NA_real_, NA_real_, NA_real_, NA_real_, NA_real_, NA_real_, 
NA_real_, NA_real_, NA_real_, NA_real_), convcode = c(0, 0, 0, 
0, 0, 0, 0, 0, 0, 0, 0, 0), kkt1 = c(FALSE, FALSE, FALSE, FALSE, 
FALSE, FALSE, FALSE, FALSE, FALSE, FALSE, FALSE, FALSE), kkt2 = c(FALSE, 
FALSE, FALSE, FALSE, FALSE, FALSE, FALSE, FALSE, FALSE, FALSE, 
FALSE, FALSE), xtime = c(9.44600000000003, 12.516, 10.588, 16.7, 
12.8049999999999, 10.29, 9.44600000000003, 9.44600000000003, 
9.44600000000003, 9.44600000000003, 9.44600000000003, 9.44600000000003
), PrMMinf = c(0.25586295390452, 0.256150343694809, 0.256065916760178, 
0.256288863694144, 0.256461187819953, 0.25643868504495, 0.25586295390452, 
0.25586295390452, 0.25586295390452, 0.25586295390452, 0.25586295390452, 
0.25586295390452), PrUMinf = c(0.000642244898352339, 0.00034255461263014, 
0.000410523661733294, 0.000234552312822175, 2.83558919622322e-05, 
2.80982059526339e-05, 0.000642244898352339, 0.000642244898352339, 
0.000642244898352339, 0.000642244898352339, 0.000642244898352339, 
0.000642244898352339), PrUUinf = c(0.743494801197127, 0.743507101692561, 
0.743523559578089, 0.743476583993034, 0.743510456288084, 0.743533216749097, 
0.743494801197127, 0.743494801197127, 0.743494801197127, 0.743494801197127, 
0.743494801197127, 0.743494801197127), alpha.start = c(2.66341138194077e-09, 
0.000347395456887238, 9.5269659744953e-08, 1.68834973662779e-07, 
1.77661384253913e-09, 4.12884837427757e-07, 2.66341138194077e-09, 
2.66341138194077e-09, 2.66341138194077e-09, 2.66341138194077e-09, 
2.66341138194077e-09, 2.66341138194077e-09), beta.start = c(0.00256475427362702, 
0.0049568278621566, 0.00146928801394656, 1.22571382062611e-09, 
2.44999196672197e-08, 9.8576718680987e-08, 0.00256475427362702, 
0.00256475427362702, 0.00256475427362702, 0.00256475427362702, 
0.00256475427362702, 0.00256475427362702), weight.start = c(0.0249596936628222, 
0.0646249595563859, 0.0667483888333663, 0.0647433488862589, 0.0146192649146542, 
0.012174427206628, 0.0249596936628222, 0.0249596936628222, 0.0249596936628222, 
0.0249596936628222, 0.0249596936628222, 0.0249596936628222), 
    intercept.start = c(0.00380876836866767, 0.00536744325902342, 
    0.0111894772128687, 0.0183766285281364, 0.0155249589096613, 
    0.010620778903257, 0.00380876836866767, 0.00380876836866767, 
    0.00380876836866767, 0.00380876836866767, 0.00380876836866767, 
    0.00380876836866767), value.part = c(0.000708378531506727, 
    0.000799779284149159, 0.000813581913903025, 0.00097930135188722, 
    0.00303907874526987, 0.00340048801213968, 0.000708378531506727, 
    0.000708378531506727, 0.000708378531506727, 0.000708378531506727, 
    0.000708378531506727, 0.000708378531506727)), row.names = c("Nelder-Mead5", 
"Nelder-Mead1", "Nelder-Mead2", "Nelder-Mead6", "Nelder-Mead4", 
"Nelder-Mead", "Nelder-Mead5.1", "Nelder-Mead5.2", "Nelder-Mead5.3", 
"Nelder-Mead5.4", "Nelder-Mead5.5", "Nelder-Mead5.6"), class = "data.frame"), 
    estimates.flagged = structure(list(alpha = c(0.000139412568175052, 
    -0.000120197881151055), beta = c(0.000405088539498782, -0.000347745765200866
    ), weight = c(0.0711018870254433, 0.0516179759793965), intercept = c(-0.00609200491610998, 
    0.018182309240377), value = c(0.00257087360463134, 0.0103915836827169
    ), fevals = c(201, 177), gevals = c(NA_real_, NA_real_), 
        niter = c(NA_real_, NA_real_), convcode = c(0, 0), kkt1 = c(FALSE, 
        FALSE), kkt2 = c(FALSE, FALSE), xtime = c(13.18, 11.276
        ), PrMMinf = c(0.255622946549645, 0.257221721287309), 
        PrUMinf = c(0.000828614042256604, -0.000715423877857394
        ), PrUUinf = c(0.743548439408099, 0.743493702590548), 
        alpha.start = c(0.00131637289940024, 2.08570968797203e-08
        ), beta.start = c(6.49499739231723e-07, 0.000176320769746673
        ), weight.start = c(0.047679452248849, 0.044836486200802
        ), intercept.start = c(0.000848466351736427, 0.0174699866029666
        ), value.part = c(0.00257028223541223, 0.0103915178963128
        )), row.names = c("Nelder-Mead3", "Nelder-Mead7"), class = "data.frame"),